-,-,-
-260.498047, 181.640625, 994.140625
-488.037109, 56.640625, 1007.812500
-440.185547, 147.949219, 1051.757812
-372.314453, 192.871094, 984.863281
-263.916016, 162.109375, 969.726562
-189.697266, 178.710938, 877.441406
-99.365234, 143.554688, 945.312500
9.765625, 113.281250, 1027.343750
110.839844, 135.253906, 1012.207031
207.519531, 104.003906, 1104.492188
96.191406, -41.748047, 1025.390625
231.445312, -167.724609, 1007.812500
-,-,-
-93.994141, 134.765625, 1016.113281
-188.720703, 118.164062, 1027.343750
-414.306641, 76.171875, 1017.578125
-696.044922, 64.453125, 1032.226562
-775.146484, 244.140625, 968.750000
-706.787109, 165.039062, 934.082031
-547.607422, 139.648438, 963.378906
-63.232422, 135.742188, 929.199219
230.468750, 21.484375, 979.492188
463.867188, -22.705078, 1067.382812
351.074219, -173.583984, 1139.160156
323.730469, -133.056641, 1133.789062
360.351562, -302.001953, 1156.250000
320.312500, -126.708984, 1106.445312
-,-,-
-139.404297, 112.304688, 1078.125000
-264.892578, 159.179688, 1038.574219
-357.177734, 99.609375, 1010.253906
-549.560547, 125.976562, 1040.039062
-663.818359, 133.300781, 1062.988281
-635.986328, 246.093750, 1005.859375
-439.697266, 195.312500, 1039.550781
-147.216797, 49.804688, 979.980469
253.417969, -24.169922, 954.101562
615.234375, -10.498047, 941.406250
746.093750, 37.109375, 1046.875000
588.378906, 139.648438, 1076.171875
542.480469, -139.404297, 1011.718750
-,-,-
-14.404297, 10.742188, 994.140625
-147.216797, 91.796875, 1060.546875
-298.583984, 138.671875, 1066.406250
-477.783203, 112.304688, 1033.691406
-589.111328, 170.898438, 1104.492188
-497.802734, 143.554688, 972.656250
-474.365234, 127.441406, 977.539062
-121.826172, 62.988281, 946.289062
28.320312, 142.578125, 1004.882812
334.960938, 90.820312, 972.656250
425.781250, -41.748047, 987.792969
499.511719, -44.189453, 1116.699219
448.730469, -20.263672, 996.093750
409.667969, -257.568359, 1127.929688
-,-,-
-147.705078, 41.992188, 1039.550781
-155.029297, 46.875000, 973.632812
-277.587891, 56.640625, 1009.765625
-416.748047, 98.632812, 1068.359375
-580.322266, 129.394531, 1112.792969
-550.048828, 75.683594, 1022.460938
-426.025391, 124.023438, 967.773438
-203.857422, 93.750000, 931.152344
-76.904297, 166.503906, 1005.859375
259.277344, 120.117188, 968.750000
378.906250, -6.103516, 1161.132812
465.820312, -53.466797, 1096.679688
422.851562, -117.919922, 997.070312
427.246094, -171.142578, 1074.218750
-,-,-
-241.943359, 120.605469, 1079.101562
-278.564453, 3.906250, 1041.015625
-351.806641, 122.070312, 993.164062
-490.478516, 104.003906, 933.105469
-475.830078, 50.781250, 1002.929688
-387.939453, 135.742188, 997.070312
-246.337891, 98.632812, 911.621094
-168.701172, 98.632812, 1035.644531
99.609375, 55.664062, 1087.402344
177.734375, 71.289062, 1038.574219
328.613281, -41.748047, 1026.367188
489.257812, 2.441406, 1016.113281
417.968750, -214.599609, 1094.726562
443.359375, -68.115234, 974.609375
-,-,-
-247.314453, 88.378906, 1052.734375
-336.669922, 63.476562, 1075.195312
-417.724609, 59.082031, 1068.359375
-490.966797, 117.675781, 1038.574219
-570.556641, 149.414062, 1058.105469
-463.134766, 72.265625, 948.242188
-287.353516, 97.656250, 854.003906
-36.865234, 85.449219, 901.855469
197.265625, 79.101562, 922.851562
382.324219, 101.074219, 971.679688
352.050781, 73.730469, 1103.515625
449.707031, -16.845703, 995.117188
388.671875, -139.404297, 1145.019531
-,-,-
-165.283203, 96.679688, 1037.597656
-303.466797, 176.269531, 1040.527344
-440.185547, 113.281250, 1079.101562
-485.107422, 110.351562, 1024.414062
-545.654297, 141.601562, 980.468750
-426.025391, 99.121094, 902.832031
-259.521484, 125.976562, 1008.300781
34.179688, 180.175781, 947.265625
168.457031, 42.480469, 947.265625
407.714844, -49.560547, 1006.835938
544.921875, -120.849609, 1215.820312
509.765625, -4.638672, 1120.117188
358.398438, -57.861328, 1179.687500
300.292969, -154.052734, 1223.632812
-,-,-
-257.568359, 17.578125, 1025.390625
-353.271484, 227.539062, 1091.308594
-514.404297, 91.308594, 1095.703125
-582.275391, 187.011719, 1078.125000
-435.791016, 116.699219, 1000.976562
-308.837891, 239.257812, 913.085938
8.789062, 107.421875, 888.671875
200.683594, 92.773438, 923.828125
390.136719, -104.248047, 939.453125
419.921875, -37.353516, 1118.652344
516.113281, -67.138672, 1110.351562
470.703125, -4.638672, 1067.382812
432.128906, -113.525391, 1072.265625
-,-,-
-174.560547, 95.703125, 1099.609375
-285.888672, 171.875000, 1121.093750
-410.400391, 164.062500, 1098.144531
-626.220703, 196.289062, 1129.882812
-624.755859, 172.851562, 1071.289062
-381.103516, 163.085938, 933.105469
-191.650391, 111.328125, 942.382812
199.707031, 105.957031, 861.328125
346.679688, 4.882812, 968.750000
513.671875, -39.794922, 1061.035156
561.523438, 113.281250, 1063.964844
508.300781, -78.857422, 978.515625
383.789062, -225.341797, 1200.195312
-,-,-
-200.927734, 68.359375, 1116.699219
-267.822266, 100.585938, 1042.968750
-402.099609, 103.027344, 1084.472656
-639.892578, 174.316406, 1022.949219
-594.970703, 125.000000, 986.816406
-545.166016, 173.339844, 979.003906
-250.244141, 77.636719, 913.574219
56.152344, 26.855469, 968.750000
325.683594, -43.212891, 967.285156
777.343750, -158.447266, 1073.242188
663.085938, 56.640625, 1016.113281
516.601562, -107.666016, 1003.906250
423.828125, -101.318359, 1090.332031
-,-,-
-189.697266, 103.027344, 1174.804688
-372.314453, 88.378906, 1076.171875
-479.736328, 65.429688, 1099.609375
-526.123047, 188.476562, 1020.507812
-527.099609, 176.269531, 913.574219
-434.326172, 188.476562, 940.429688
-92.041016, 106.445312, 902.343750
250.976562, 100.097656, 920.898438
578.125000, -102.294922, 1027.343750
679.199219, 24.414062, 1040.039062
547.851562, -102.783203, 1049.804688
619.140625, -214.599609, 1173.828125
-,-,-
-159.423828, 100.585938, 1065.917969
-227.294922, 125.000000, 1066.406250
-304.443359, 107.421875, 1083.496094
-490.966797, 186.523438, 1114.257812
-464.111328, 159.667969, 983.886719
-405.517578, 165.527344, 909.667969
-144.775391, 109.375000, 914.062500
153.320312, 61.035156, 954.589844
389.648438, -31.982422, 989.746094
473.632812, 22.460938, 1025.390625
302.246094, -58.837891, 1270.996094
231.933594, 27.832031, 1181.640625
206.542969, -68.115234, 1153.320312
125.000000, -84.716797, 1143.066406
-,-,-
-134.521484, 60.058594, 1017.578125
-214.111328, 68.359375, 1054.687500
-324.462891, 59.570312, 1125.976562
-424.072266, 122.070312, 1132.812500
-342.041016, 117.675781, 1049.804688
-264.404297, 239.257812, 993.164062
-61.279297, 127.929688, 894.042969
53.222656, 126.464844, 919.921875
349.121094, 17.089844, 861.328125
578.125000, -13.427734, 1083.007812
550.781250, -52.978516, 1091.308594
595.703125, -229.736328, 1007.324219
-,-,-
-198.974609, 83.007812, 1022.460938
-180.419922, 67.382812, 1029.296875
-232.177734, 91.796875, 1033.691406
-358.642578, 104.980469, 1041.992188
-468.505859, 68.847656, 1030.273438
-390.869141, 72.753906, 1039.550781
-314.208984, 86.425781, 950.195312
-167.724609, 97.656250, 913.085938
-48.095703, 84.472656, 1007.812500
184.082031, 69.335938, 1074.218750
213.378906, 39.062500, 1115.722656
351.074219, 36.132812, 1018.554688
429.199219, 12.695312, 905.761719
455.078125, -88.134766, 1070.312500
-,-,-
-193.115234, 39.062500, 1004.882812
-188.232422, 80.078125, 1032.226562
-216.064453, 70.312500, 1002.929688
-240.966797, 107.421875, 977.539062
-295.166016, 128.906250, 1000.000000
-247.314453, 58.593750, 1058.105469
-166.748047, 138.671875, 1062.988281
-103.759766, 85.449219, 956.542969
34.179688, 47.851562, 1070.312500
150.878906, 49.804688, 1060.058594
301.757812, -10.009766, 1062.988281
300.292969, -18.310547, 1105.468750
416.992188, -19.287109, 1071.289062
384.277344, 17.578125, 1045.898438
432.617188, -123.779297, 1118.164062
-,-,-
-213.134766, 160.156250, 1051.757812
-317.626953, 35.156250, 1061.035156
-346.923828, 93.750000, 1050.781250
-428.466797, 64.453125, 1022.460938
-390.380859, 64.453125, 949.218750
-253.662109, 143.066406, 903.808594
-186.767578, 155.273438, 982.910156
94.238281, 90.332031, 971.679688
141.601562, 50.781250, 1061.035156
270.019531, -31.982422, 1113.281250
367.187500, -22.216797, 1142.089844
396.484375, -37.841797, 999.023438
339.355469, -48.583984, 1102.539062
-,-,-
-270.751953, 62.011719, 991.699219
-269.775391, 99.609375, 992.187500
-287.353516, 65.429688, 1010.742188
-365.478516, 85.449219, 1023.437500
-426.513672, 51.757812, 1063.964844
-413.330078, 73.730469, 1040.527344
-250.244141, 59.082031, 969.726562
-98.388672, 115.234375, 969.726562
50.781250, 57.128906, 973.632812
195.312500, 99.609375, 959.472656
299.804688, 17.089844, 999.023438
328.125000, 14.160156, 1108.398438
377.929688, 105.957031, 1132.812500
331.054688, -72.509766, 1169.433594
284.667969, -241.943359, 1276.367188
-,-,-
-187.744141, 128.906250, 1046.875000
-234.130859, 95.703125, 1006.835938
-322.021484, 112.304688, 1083.984375
-411.865234, 75.195312, 1073.242188
-402.099609, 103.027344, 1079.101562
-328.369141, 79.101562, 1003.906250
-231.689453, 51.757812, 892.578125
-111.083984, 84.960938, 957.519531
96.191406, 61.035156, 954.101562
245.605469, 72.265625, 1037.597656
367.675781, 18.554688, 1037.597656
431.152344, 110.351562, 1038.574219
300.292969, 37.597656, 1054.687500
-,-,-
-286.376953, 107.421875, 1050.781250
-390.869141, 125.000000, 1041.015625
-436.279297, 59.082031, 1109.375000
-571.533203, 76.171875, 1060.546875
-476.318359, 82.031250, 936.035156
-349.853516, 114.257812, 908.691406
-74.462891, 111.328125, 931.152344
29.296875, 96.679688, 989.746094
164.062500, 54.687500, 977.539062
201.171875, -17.333984, 1046.386719
352.539062, -25.146484, 1083.007812
417.968750, -151.123047, 1125.000000
314.453125, -95.458984, 1118.652344
-,-,-
-203.369141, 80.078125, 1010.253906
-275.146484, 87.402344, 1002.929688
-332.275391, 104.492188, 1013.183594
-485.595703, 58.105469, 1068.847656
-544.677734, 76.171875, 1014.160156
-438.720703, 49.316406, 948.242188
-323.974609, 119.140625, 959.472656
-158.935547, 145.507812, 894.531250
104.980469, 174.804688, 941.406250
312.988281, 113.281250, 1084.960938
324.707031, -7.568359, 1092.285156
173.828125, -115.478516, 1153.320312
174.804688, -176.025391, 1135.742188
194.335938, -128.662109, 1179.687500
-,-,-
-316.650391, 162.597656, 1018.554688
-385.498047, 173.828125, 1006.835938
-436.767578, 84.960938, 998.046875
-520.263672, 77.148438, 977.050781
-531.982422, 67.382812, 1021.972656
-433.349609, 86.914062, 1052.734375
-267.333984, 125.976562, 1036.621094
-71.533203, 113.281250, 1015.625000
87.402344, 101.074219, 969.726562
253.417969, 100.585938, 1029.296875
364.746094, 46.875000, 1056.640625
356.445312, -0.244141, 1171.875000
271.484375, -74.951172, 1110.351562
-,-,-
-243.896484, 96.679688, 1040.527344
-362.060547, 122.070312, 1046.875000
-499.267578, 110.351562, 1081.054688
-642.822266, 117.675781, 1020.507812
-620.361328, 89.843750, 935.058594
-487.548828, 109.375000, 914.062500
-310.302734, 82.031250, 854.492188
109.375000, 66.406250, 933.105469
494.628906, 25.390625, 1012.207031
753.417969, -84.716797, 1113.281250
187.500000, -184.326172, 1078.125000
610.839844, -98.388672, 1255.859375
-,-,-
-145.751953, 85.937500, 956.054688
-300.537109, 131.347656, 1073.242188
-390.380859, 98.632812, 1054.687500
-437.744141, 83.984375, 1081.054688
-423.095703, 107.910156, 1021.972656
-336.669922, 83.984375, 951.171875
-229.736328, 191.406250, 987.792969
-72.998047, 66.406250, 920.898438
99.609375, 179.687500, 1011.230469
222.656250, 53.710938, 1114.746094
290.527344, 15.136719, 1053.710938
270.996094, -189.208984, 1159.179688
-,-,-
-247.802734, 9.765625, 975.585938
-248.291016, 112.304688, 1035.156250
-332.763672, 83.007812, 1045.898438
-401.123047, 100.097656, 1039.550781
-398.681641, 116.699219, 1108.886719
-295.166016, 141.601562, 1041.503906
-237.548828, 161.132812, 1034.179688
-114.990234, 119.628906, 1038.574219
-80.810547, 77.148438, 1035.644531
210.449219, 83.984375, 975.585938
373.535156, -75.927734, 1011.718750
568.847656, -25.634766, 1078.125000
423.828125, 59.082031, 1094.726562
-,-,-
-171.630859, 44.433594, 1002.929688
-222.900391, 171.875000, 1010.253906
-322.021484, 95.703125, 1041.992188
-372.314453, 146.972656, 1021.972656
-438.232422, 144.531250, 1020.019531
-432.373047, 138.671875, 987.792969
-447.021484, 179.687500, 989.746094
-376.708984, 95.703125, 997.070312
-94.970703, 63.476562, 941.894531
108.398438, 47.851562, 910.644531
346.679688, -20.263672, 1056.640625
446.289062, -117.431641, 1119.140625
375.000000, -22.216797, 1098.632812
320.312500, -24.169922, 1157.226562
-,-,-
-242.919922, 116.699219, 1040.527344
-246.337891, 111.328125, 977.539062
-346.435547, 122.070312, 1007.812500
-468.017578, 144.531250, 999.023438
-593.994141, 118.652344, 1107.910156
-532.958984, 85.937500, 996.093750
-449.951172, 192.871094, 964.355469
-349.853516, 153.320312, 958.496094
-163.330078, -9.521484, 1025.390625
204.589844, 51.757812, 1061.523438
464.355469, 51.269531, 1144.042969
500.488281, 40.039062, 1189.941406
397.949219, 26.367188, 1083.984375
292.968750, 59.082031, 1125.000000
-,-,-
-201.904297, 171.386719, 1020.996094
-230.712891, 142.578125, 992.187500
-307.861328, 109.375000, 994.140625
-446.044922, 99.609375, 983.886719
-513.427734, 127.929688, 1051.757812
-503.173828, 146.972656, 1006.835938
-407.958984, 155.273438, 1006.835938
-216.064453, 108.886719, 994.140625
-49.560547, 162.597656, 1010.253906
257.812500, 125.000000, 1054.687500
506.347656, -11.962891, 1085.937500
523.925781, 7.812500, 1036.621094
408.203125, 43.457031, 1123.046875
-,-,-
-209.228516, 98.632812, 1027.343750
-179.931641, 141.601562, 1049.804688
-279.052734, 172.851562, 1040.039062
-365.966797, 136.718750, 1034.179688
-497.314453, 204.101562, 1095.703125
-481.689453, 140.625000, 1005.859375
-350.830078, 143.066406, 976.074219
-211.669922, 183.593750, 971.191406
-62.744141, 101.074219, 904.785156
43.945312, 116.210938, 976.562500
388.671875, 77.636719, 1064.941406
586.914062, 88.378906, 1088.378906
492.675781, -20.263672, 1058.105469
-,-,-
-241.943359, 158.203125, 986.816406
-238.525391, 130.859375, 999.023438
-334.228516, 112.304688, 1012.207031
-451.904297, 125.976562, 1045.898438
-534.423828, 135.253906, 1003.906250
-394.287109, 139.648438, 979.980469
-351.806641, 169.921875, 933.105469
-186.279297, 162.109375, 1029.296875
-98.388672, 151.367188, 1097.656250
224.121094, 105.468750, 1161.132812
403.320312, 46.386719, 1168.945312
483.886719, 65.429688, 1072.265625
365.722656, -52.490234, 1068.359375
-,-,-
-241.943359, 99.609375, 1048.828125
-311.767578, 184.570312, 1054.687500
-379.638672, 227.539062, 1106.445312
-446.533203, 217.773438, 1110.351562
-418.701172, 214.843750, 1042.480469
-401.123047, 135.253906, 959.472656
-287.353516, 147.949219, 899.414062
-77.880859, 71.289062, 892.578125
76.660156, 59.082031, 939.453125
353.027344, 49.804688, 1047.851562
382.812500, 157.714844, 1088.378906
301.269531, 18.066406, 1144.042969
321.289062, 131.347656, 1019.531250
-,-,-
-219.482422, 83.007812, 1073.242188
-246.826172, 243.652344, 1088.867188
-367.919922, 159.667969, 1080.566406
-510.498047, 195.800781, 1100.585938
-497.802734, 222.167969, 988.769531
-422.119141, 205.566406, 975.585938
-323.974609, 198.242188, 862.304688
-94.970703, 74.707031, 786.132812
281.250000, 170.898438, 893.554688
574.218750, -76.416016, 1013.183594
683.105469, -72.509766, 1107.421875
655.273438, -92.041016, 1135.742188
-,-,-
-131.103516, 185.546875, 1073.242188
-273.193359, 154.296875, 965.820312
-403.076172, 231.445312, 1058.593750
-483.642578, 203.125000, 1095.703125
-480.712891, 283.203125, 965.820312
-368.896484, 226.562500, 939.941406
-281.982422, 326.171875, 998.046875
-117.431641, 207.519531, 884.277344
-8.056641, 202.636719, 955.078125
150.878906, 79.589844, 1047.851562
423.828125, -9.521484, 1099.609375
393.066406, -155.029297, 1243.164062
-,-,-
-321.044922, 183.593750, 1029.296875
-276.123047, 208.496094, 1007.812500
-396.728516, 168.945312, 1065.429688
-450.927734, 163.085938, 1049.804688
-493.408203, 190.917969, 1046.386719
-382.080078, 181.640625, 1009.277344
-208.251953, 214.843750, 918.945312
-2.685547, 129.882812, 991.699219
203.125000, 120.605469, 1029.785156
332.031250, -22.216797, 1149.414062
437.988281, 78.613281, 1075.195312
382.812500, 39.062500, 1062.011719
478.515625, -95.458984, 1139.160156
-,-,-
-316.650391, 121.093750, 1100.585938
-333.740234, 215.820312, 987.792969
-362.060547, 99.609375, 1095.703125
-323.974609, 142.089844, 1049.804688
-204.833984, 183.593750, 979.492188
-185.791016, 178.222656, 998.046875
-101.318359, 188.476562, 999.023438
-41.259766, 96.679688, 1057.128906
15.136719, 146.484375, 1055.175781
260.253906, 12.695312, 1071.289062
425.781250, 11.718750, 1063.964844
391.113281, 80.078125, 1052.734375
462.402344, 13.183594, 1153.320312
-,-,-
-324.951172, 203.613281, 1027.343750
-390.380859, 100.585938, 1039.550781
-342.041016, 107.421875, 1079.101562
-211.669922, 184.570312, 971.679688
-111.083984, 225.585938, 930.175781
-45.654297, 175.292969, 1132.812500
93.261719, 247.070312, 1087.890625
181.152344, 155.273438, 1075.195312
236.328125, 71.777344, 964.355469
223.144531, -125.732422, 842.773438
387.207031, -116.455078, 1019.531250
-,-,-
-321.044922, 175.292969, 984.375000
-339.599609, 56.640625, 1035.644531
-435.791016, 114.746094, 1089.355469
-486.083984, 70.312500, 1004.882812
-477.783203, 125.976562, 1056.640625
-297.607422, 104.492188, 967.285156
-169.677734, 208.984375, 1020.019531
32.714844, 140.625000, 977.539062
137.207031, 148.925781, 987.792969
277.343750, -10.498047, 1113.281250
299.316406, 146.972656, 1190.917969
338.867188, 16.601562, 913.085938
-,-,-
-229.736328, 116.210938, 1050.781250
-298.583984, 97.656250, 1027.343750
-353.271484, 138.671875, 1069.335938
-374.267578, 55.664062, 1102.539062
-373.291016, 140.625000, 1073.242188
-252.685547, 95.703125, 1014.160156
-107.177734, 140.625000, 987.792969
34.179688, 140.625000, 1003.906250
136.718750, 128.906250, 1004.394531
264.648438, 70.312500, 973.632812
332.519531, 118.652344, 1030.273438
-,-,-
-269.287109, 99.609375, 1062.988281
-303.466797, 118.652344, 1031.250000
-376.708984, 88.378906, 1046.875000
-488.037109, 125.976562, 1028.320312
-489.013672, 125.000000, 998.046875
-418.701172, 130.859375, 1011.230469
-301.025391, 231.933594, 941.406250
-110.595703, 197.265625, 892.578125
62.988281, 123.046875, 1028.320312
258.789062, 60.058594, 1045.898438
309.570312, 62.500000, 1102.539062
416.015625, 57.128906, 1160.156250
388.671875, 83.007812, 1114.746094
307.617188, 1.464844, 1191.894531
-,-,-
-201.904297, 44.433594, 1069.335938
-232.666016, 127.929688, 1077.148438
-257.568359, 45.898438, 1092.285156
-403.076172, 42.968750, 1091.308594
-511.474609, 89.355469, 1076.171875
-391.845703, 163.574219, 973.632812
-276.611328, 187.011719, 975.585938
-214.599609, 261.718750, 942.382812
25.878906, 144.531250, 996.093750
282.226562, 168.945312, 1014.160156
350.585938, -42.236328, 1014.648438
447.265625, -80.810547, 1084.960938
375.488281, 96.679688, 1161.132812
290.039062, 8.789062, 1111.328125
-,-,-
-156.494141, 147.949219, 1072.265625
-216.064453, 120.605469, 1028.320312
-306.396484, 164.062500, 1046.875000
-448.974609, 214.355469, 1041.992188
-411.865234, 139.648438, 1025.390625
-365.478516, 192.382812, 931.152344
-309.814453, 172.851562, 885.253906
-377.685547, 289.062500, 987.792969
-37.841797, 101.562500, 983.886719
256.835938, -51.513672, 1118.652344
572.753906, -69.580078, 1289.062500
708.984375, 145.507812, 1314.453125
459.960938, 15.136719, 1120.117188
-,-,-
-181.396484, 222.167969, 1050.781250
-216.552734, 67.382812, 1040.527344
-236.083984, 96.679688, 1101.562500
-323.974609, 92.773438, 1025.390625
-346.923828, 80.078125, 1009.277344
-352.294922, 122.558594, 1042.480469
-266.357422, 166.503906, 989.746094
-183.349609, 118.652344, 1015.625000
17.089844, 149.414062, 1019.531250
131.835938, 258.300781, 933.105469
436.035156, 71.777344, 1009.765625
446.289062, 5.859375, 1107.421875
442.382812, 26.367188, 979.492188
402.343750, -147.705078, 1105.468750
323.242188, -230.712891, 1170.898438
-,-,-
-248.779297, 168.945312, 1068.359375
-201.416016, 123.046875, 1036.132812
-252.685547, 169.921875, 1038.574219
-325.927734, 146.972656, 1075.195312
-326.416016, 163.574219, 1065.917969
-281.982422, 161.621094, 1020.507812
-210.205078, 197.265625, 1029.296875
-151.611328, 178.222656, 960.449219
6.347656, 155.273438, 939.941406
126.464844, 78.125000, 1029.296875
301.269531, 104.492188, 988.281250
278.808594, 0.488281, 1117.675781
313.476562, 58.105469, 1081.054688
361.328125, 124.023438, 951.171875
489.746094, -81.787109, 1041.992188
300.292969, -88.134766, 1175.781250
-,-,-
-301.025391, 101.562500, 1031.250000
-281.982422, 127.929688, 1015.625000
-277.587891, 148.925781, 989.746094
-347.412109, 129.394531, 997.070312
-378.662109, 158.691406, 1018.066406
-273.193359, 117.187500, 1009.277344
-250.732422, 179.687500, 993.652344
-72.998047, 76.660156, 1090.332031
41.992188, 139.648438, 1074.218750
260.253906, 74.707031, 1013.183594
292.968750, 60.058594, 1125.000000
399.414062, 25.390625, 1032.226562
370.605469, 49.804688, 989.257812
300.781250, 48.828125, 1052.734375
242.187500, -71.533203, 1125.000000
244.140625, -19.287109, 1107.421875
-,-,-
-286.376953, 116.210938, 899.414062
-309.814453, 126.953125, 1104.492188
-345.458984, 88.378906, 1005.859375
-416.748047, 132.324219, 1064.941406
-356.689453, 132.324219, 1030.273438
-212.646484, 146.972656, 953.125000
-177.001953, 140.625000, 901.855469
-12.451172, 128.906250, 931.152344
107.421875, 93.750000, 1027.832031
223.144531, 96.679688, 1019.042969
329.589844, 46.386719, 1081.054688
444.824219, 36.132812, 1078.125000
497.070312, 73.730469, 1135.742188
336.914062, -24.169922, 1239.257812
-,-,-
-269.287109, 80.078125, 1017.578125
-319.091797, 188.964844, 1013.183594
-374.267578, 88.867188, 1018.066406
-418.701172, 140.625000, 983.886719
-260.009766, 145.996094, 1054.687500
-161.865234, 183.593750, 1006.347656
-159.423828, 174.804688, 993.652344
-95.947266, 190.917969, 1078.125000
-20.263672, 141.601562, 1045.410156
-15.869141, 119.628906, 993.652344
89.843750, 68.359375, 954.589844
226.562500, -16.357422, 904.785156
303.222656, 41.503906, 920.898438
413.574219, 82.031250, 1189.453125
381.347656, -24.169922, 1274.902344
-,-,-
-239.501953, 130.859375, 970.703125
-238.525391, 82.031250, 1080.078125
-322.998047, 106.445312, 1099.609375
-384.033203, 95.703125, 1077.148438
-396.240234, 103.515625, 1054.687500
-326.904297, 122.558594, 1062.988281
-310.791016, 145.019531, 954.101562
-183.349609, 102.050781, 981.933594
-47.119141, 145.996094, 979.492188
100.097656, 103.027344, 979.003906
267.089844, 33.691406, 1090.332031
395.996094, 123.046875, 1092.285156
443.359375, 96.679688, 1066.406250
302.246094, 53.222656, 1179.687500
176.269531, -10.498047, 1249.023438
127.441406, -6.591797, 1127.929688
-,-,-
-302.001953, 218.750000, 1077.148438
-260.009766, 138.671875, 1085.937500
-313.720703, 168.945312, 1098.632812
-369.873047, 138.671875, 1000.000000
-306.396484, 141.601562, 981.933594
-241.455078, 163.574219, 963.378906
-166.259766, 113.281250, 969.726562
-133.544922, 247.070312, 1006.835938
47.363281, 104.003906, 982.421875
184.570312, 110.351562, 997.558594
373.046875, 25.390625, 1039.550781
483.886719, 41.015625, 928.710938
398.437500, -48.095703, 1039.550781
407.714844, 9.765625, 1203.125000
335.449219, -13.916016, 1111.328125
-,-,-
-255.126953, 167.968750, 1037.597656
-244.873047, 98.632812, 1077.148438
-242.919922, 145.996094, 1020.507812
-298.583984, 96.679688, 1019.042969
-321.044922, 117.675781, 1008.789062
-298.583984, 116.699219, 1008.300781
-246.337891, 168.945312, 981.445312
-210.693359, 99.609375, 1017.578125
-153.076172, 106.933594, 989.746094
-12.451172, 155.273438, 1016.113281
110.351562, 159.179688, 1027.343750
106.445312, 10.742188, 1038.574219
299.316406, 125.976562, 1068.359375
267.089844, 156.250000, 1085.937500
334.472656, 24.414062, 1080.078125
392.089844, -70.556641, 1424.316406
-,-,-
-260.498047, 225.585938, 1088.378906
-206.298828, 114.257812, 1034.667969
-314.208984, 166.992188, 1026.367188
-354.248047, 155.273438, 1063.964844
-310.791016, 130.371094, 1022.460938
-279.541016, 154.296875, 983.886719
-202.392578, 180.664062, 908.691406
-149.658203, 231.445312, 968.261719
-119.384766, 156.250000, 1020.019531
-16.845703, 87.890625, 992.187500
35.156250, 38.085938, 1020.996094
184.082031, -31.982422, 975.585938
311.523438, 138.671875, 1067.382812
302.734375, 205.566406, 1039.062500
241.210938, 97.656250, 1259.765625
235.351562, -12.451172, 1288.085938
-,-,-
-235.107422, 112.304688, 1010.253906
-182.373047, 98.144531, 1072.265625
-254.150391, 56.640625, 1108.398438
-328.857422, 117.675781, 1094.726562
-354.248047, 86.425781, 1077.148438
-341.064453, 118.164062, 1019.531250
-267.333984, 149.414062, 974.609375
-187.744141, 125.976562, 932.128906
-74.951172, 86.425781, 996.093750
49.316406, 32.714844, 944.335938
253.417969, -13.916016, 1008.300781
352.539062, -37.841797, 1091.308594
378.417969, 12.695312, 1070.312500
403.320312, 40.039062, 1102.539062
294.921875, -22.216797, 1148.437500
252.441406, -78.857422, 1153.320312
-,-,-
-310.791016, 42.480469, 1117.675781
-97.412109, 340.332031, 1328.125000
-267.333984, 81.054688, 1047.851562
-339.111328, 195.312500, 1074.218750
-346.435547, 70.800781, 1111.328125
-350.830078, 136.718750, 996.093750
-394.287109, 27.343750, 853.027344
-219.970703, 231.445312, 1000.976562
-16.845703, 150.390625, 919.921875
247.558594, 249.511719, 922.851562
579.589844, 205.566406, 1010.253906
591.796875, 92.773438, 922.851562
452.636719, -71.533203, 1191.894531
478.027344, -38.818359, 1080.078125
-,-,-
-374.755859, 186.035156, 954.589844
-197.021484, 25.390625, 1061.035156
-176.513672, 210.937500, 1151.367188
-308.837891, 138.671875, 946.289062
-374.267578, 121.093750, 1035.156250
-302.001953, 175.292969, 1027.343750
-300.048828, 241.210938, 1090.332031
-196.044922, 91.796875, 1023.925781
-46.630859, 283.203125, 1043.945312
40.527344, 158.203125, 1038.574219
236.816406, 294.921875, 904.785156
357.421875, 112.304688, 916.992188
411.132812, 33.203125, 873.046875
449.218750, 8.789062, 1070.312500
517.089844, -155.029297, 1244.140625
-,-,-
-277.587891, 285.156250, 1018.554688
-267.333984, 309.082031, 1029.296875
-217.529297, 292.968750, 1094.238281
-337.646484, 131.835938, 1045.898438
-343.505859, 292.968750, 1040.527344
-317.626953, 165.039062, 989.257812
-106.201172, 290.039062, 938.964844
23.437500, 280.761719, 1028.320312
170.410156, 227.539062, 930.664062
228.027344, 250.976562, 861.328125
306.640625, 100.097656, 1134.765625
320.312500, -43.212891, 1084.960938
399.414062, 27.343750, 1016.113281
-,-,-
-286.376953, 165.039062, 1055.175781
-255.126953, 134.765625, 1046.875000
-233.154297, 84.960938, 1049.804688
-248.779297, 233.398438, 966.796875
-253.173828, 134.277344, 1034.667969
-333.251953, 152.832031, 964.355469
-228.271484, 173.828125, 934.082031
-202.880859, 176.269531, 915.039062
-60.302734, 125.000000, 838.867188
197.265625, 362.304688, 991.699219
205.078125, 27.343750, 1168.457031
316.894531, 74.707031, 1112.304688
372.558594, -18.798828, 1164.550781
-,-,-
-218.505859, 110.351562, 1055.175781
-370.849609, 143.554688, 944.335938
-308.349609, 212.890625, 1116.699219
-498.779297, 149.414062, 1038.574219
-372.314453, 103.027344, 1103.515625
-98.388672, 380.371094, 1055.664062
4.882812, 294.921875, 833.496094
189.941406, 422.363281, 1002.929688
186.523438, 252.929688, 945.312500
301.269531, 253.906250, 928.710938
301.269531, -139.404297, 896.484375
331.542969, -154.052734, 1017.089844
453.613281, -20.263672, 1260.742188
-,-,-
-206.298828, 179.687500, 1039.550781
-413.330078, 198.242188, 1042.968750
-480.224609, 143.066406, 1064.941406
-437.744141, 123.046875, 1052.734375
-343.994141, 144.531250, 966.308594
-270.751953, 72.753906, 940.429688
-161.865234, 136.230469, 1081.054688
34.179688, 269.531250, 1031.738281
256.347656, 381.835938, 906.738281
317.871094, 246.582031, 986.816406
414.062500, 212.890625, 858.886719
446.777344, 173.339844, 858.886719
344.238281, -179.443359, 1226.562500
352.050781, -48.095703, 1200.195312
-,-,-
-322.998047, 229.003906, 1076.171875
-312.255859, 125.976562, 1084.960938
-241.943359, 167.968750, 969.238281
-190.673828, 190.917969, 991.699219
-159.423828, 276.367188, 1004.882812
-211.669922, 189.941406, 1067.382812
-132.080078, 260.742188, 1053.710938
-135.009766, 167.968750, 1036.621094
-35.888672, 179.687500, 917.968750
191.406250, 117.675781, 924.804688
315.429688, 93.750000, 1046.875000
328.125000, 34.179688, 1078.125000
377.929688, 104.003906, 1131.835938
342.285156, 119.628906, 1251.464844
-,-,-
-275.146484, 156.250000, 1047.851562
-252.685547, 98.632812, 1028.320312
-294.677734, 137.695312, 994.140625
-422.119141, 110.351562, 1035.644531
-345.458984, 164.550781, 982.421875
-406.494141, 147.460938, 999.023438
-322.021484, 145.996094, 938.476562
-270.263672, 259.765625, 1058.593750
34.179688, 62.500000, 1121.093750
416.992188, 16.113281, 1039.550781
529.296875, -81.787109, 922.851562
489.746094, -97.900391, 1009.277344
-,-,-
-375.732422, 71.289062, 971.679688
-361.083984, 65.429688, 1026.367188
-371.337891, 59.082031, 937.500000
-327.392578, 47.363281, 976.074219
-245.361328, 101.074219, 1020.996094
-215.087891, 125.000000, 973.632812
-143.798828, 129.394531, 1059.082031
-66.650391, 97.656250, 1067.871094
85.937500, 107.421875, 995.117188
216.308594, 39.062500, 1030.761719
311.035156, 1.464844, 1092.773438
393.554688, -61.279297, 1107.421875
368.164062, -16.845703, 1108.398438
256.835938, 0.488281, 1114.746094
253.417969, 49.804688, 1084.960938
-,-,-
-170.654297, 34.667969, 932.128906
-188.232422, 183.593750, 1049.804688
-259.521484, 130.859375, 1004.882812
-388.427734, 104.980469, 993.652344
-448.974609, 141.601562, 1050.781250
-370.361328, 232.421875, 971.679688
-313.232422, 241.210938, 1054.687500
-213.623047, 104.492188, 1070.800781
43.945312, 134.765625, 1040.527344
218.750000, -3.662109, 1085.449219
345.214844, -47.119141, 1003.906250
460.449219, 38.085938, 1086.914062
442.382812, 11.230469, 1094.726562
-,-,-
-204.833984, 161.132812, 1059.082031
-151.123047, 94.726562, 1045.898438
-237.548828, 101.074219, 1072.265625
-337.646484, 108.398438, 996.093750
-349.853516, 117.675781, 1009.765625
-289.306641, 151.855469, 1055.175781
-265.380859, 195.800781, 1095.703125
-149.658203, 92.773438, 1068.847656
18.554688, 94.726562, 1010.253906
163.085938, 47.363281, 1020.996094
246.582031, 21.484375, 1001.953125
391.113281, -6.591797, 988.281250
437.011719, -22.216797, 1064.941406
445.800781, 39.062500, 1058.593750
409.179688, -78.857422, 1098.144531
-,-,-
-105.224609, 185.546875, 1025.390625
-203.857422, 74.218750, 973.632812
-314.208984, 161.621094, 1100.585938
-461.181641, 66.406250, 1160.644531
-408.447266, 145.507812, 1111.816406
-347.900391, 77.148438, 1052.734375
-218.017578, 189.941406, 1000.000000
-110.595703, 106.933594, 867.187500
33.691406, 118.164062, 969.726562
259.765625, 29.785156, 1014.160156
435.058594, 46.875000, 1183.593750
478.027344, 266.113281, 1079.101562
432.128906, -4.638672, 1066.406250
411.621094, -37.841797, 1207.031250
-,-,-
-138.916016, 107.421875, 1083.007812
-159.423828, 174.316406, 1060.058594
-270.751953, 204.589844, 1071.289062
-359.619141, 197.265625, 1023.437500
-320.068359, 186.523438, 1062.011719
-276.611328, 150.390625, 1028.320312
-226.806641, 138.671875, 1029.785156
-43.701172, 86.425781, 963.378906
94.238281, 83.984375, 847.656250
296.875000, 3.906250, 1029.296875
390.136719, -41.259766, 1082.031250
479.492188, -24.169922, 1072.265625
478.515625, 26.367188, 1100.585938
426.757812, 75.683594, 1149.414062
365.722656, 16.113281, 994.140625
-,-,-
-172.607422, 130.859375, 1092.773438
-175.048828, 140.625000, 1104.492188
-264.404297, 127.929688, 1039.550781
-326.416016, 109.375000, 988.769531
-275.146484, 185.546875, 967.773438
-237.060547, 200.195312, 959.472656
-163.330078, 104.492188, 1002.929688
13.183594, 95.214844, 1064.941406
208.496094, 116.210938, 994.628906
282.226562, 33.203125, 1042.968750
368.164062, 10.742188, 1041.503906
442.871094, -30.517578, 1053.710938
412.597656, 16.601562, 1030.273438
297.851562, -8.544922, 1077.148438
289.550781, -31.005859, 995.117188
-,-,-
-180.419922, 125.000000, 972.656250
-228.271484, 104.492188, 1002.929688
-369.873047, 166.015625, 996.093750
-359.130859, 101.562500, 935.058594
-420.654297, 236.328125, 1027.343750
-398.681641, 175.781250, 1006.835938
-348.876953, 360.351562, 935.058594
-267.333984, 200.195312, 929.687500
-185.302734, 198.730469, 888.671875
1.464844, 48.828125, 1024.414062
270.019531, 70.312500, 1043.457031
436.035156, -67.626953, 1057.128906
913.085938, 108.398438, 1120.605469
608.398438, 66.406250, 1155.273438
456.054688, 21.484375, 1124.511719
-,-,-
-281.005859, 114.257812, 1006.835938
-336.669922, 135.253906, 1070.312500
-408.447266, 104.980469, 1075.195312
-439.697266, 114.257812, 1029.296875
-349.853516, 135.742188, 964.355469
-264.404297, 99.609375, 971.679688
-119.384766, 99.121094, 963.867188
30.761719, 106.445312, 940.917969
169.921875, 28.808594, 1038.574219
177.734375, -50.537109, 1149.902344
277.832031, -59.326172, 1216.796875
233.398438, 17.089844, 1094.726562
221.679688, -7.568359, 1100.585938
207.519531, 15.136719, 1061.035156
257.324219, 30.761719, 1160.156250
-,-,-
-360.595703, 132.324219, 1028.320312
-401.123047, 15.136719, 1044.921875
-516.357422, 125.000000, 1009.277344
-560.302734, 8.789062, 986.816406
-422.119141, 108.398438, 963.378906
-276.611328, 25.390625, 988.769531
-165.283203, 57.128906, 912.597656
-9.033203, -0.732422, 960.449219
91.796875, -26.611328, 1099.609375
210.937500, 62.988281, 1027.343750
265.136719, -54.931641, 1044.921875
296.875000, -12.939453, 1140.625000
344.726562, 71.289062, 1053.710938
399.414062, -70.556641, 1026.367188
-,-,-
-228.271484, -58.837891, 1042.968750
-275.634766, 14.160156, 1109.375000
-265.380859, 32.226562, 1065.917969
-309.814453, 43.457031, 1065.917969
-308.349609, -18.310547, 997.070312
-258.544922, 14.160156, 948.242188
-183.837891, 69.335938, 970.703125
-138.427734, -0.732422, 1005.859375
-109.619141, 41.503906, 1010.253906
0.488281, 51.757812, 1005.859375
-107.177734, -2.685547, 987.792969
159.179688, -64.208984, 1046.386719
334.472656, -66.162109, 1246.582031
437.011719, 24.414062, 1025.390625
448.242188, -170.654297, 1038.574219
285.156250, -79.833984, 1159.179688
344.726562, -110.107422, 1102.539062
-,-,-
-231.689453, 24.414062, 1030.273438
-246.826172, 33.203125, 1098.632812
-261.962891, -36.865234, 1047.851562
-313.232422, -13.916016, 1004.882812
-261.474609, 55.175781, 966.796875
-221.435547, 55.664062, 1001.464844
-136.962891, 57.128906, 947.265625
-177.978516, 88.378906, 999.023438
-81.298828, 72.753906, 1056.640625
-1.220703, 43.457031, 1014.160156
72.753906, 20.996094, 977.539062
111.328125, 3.906250, 1023.437500
194.335938, -173.095703, 1040.039062
335.449219, -75.927734, 1073.242188
395.019531, 16.113281, 1208.007812
245.605469, 39.062500, 1087.402344
-,-,-
-302.978516, 25.390625, 1068.359375
-304.443359, 83.007812, 1031.250000
-293.701172, 39.062500, 1044.921875
-347.412109, 81.054688, 1066.894531
-358.642578, 15.625000, 1033.203125
-342.041016, 82.519531, 1012.207031
-324.462891, 21.484375, 966.308594
-227.294922, 50.781250, 949.218750
-201.416016, 84.960938, 990.722656
-56.884766, -34.912109, 970.703125
123.046875, 101.074219, 969.726562
234.375000, 6.835938, 1005.371094
193.359375, -50.537109, 1056.640625
251.953125, -126.708984, 1015.136719
312.500000, -144.775391, 1123.046875
236.328125, -78.857422, 1106.445312
216.796875, -92.529297, 1068.359375
135.742188, -33.447266, 1076.171875
-,-,-
-333.251953, -13.427734, 1025.390625
-310.302734, 116.699219, 1111.328125
-320.068359, 82.031250, 1038.574219
-378.662109, 45.410156, 1045.410156
-395.751953, 8.789062, 941.406250
-346.435547, 100.097656, 964.843750
-229.248047, 27.832031, 945.312500
-176.513672, 27.832031, 953.125000
-23.193359, -76.904297, 1064.941406
111.816406, -48.583984, 980.468750
178.710938, -33.935547, 1100.097656
228.515625, -33.935547, 1114.746094
291.015625, -64.208984, 1083.007812
292.480469, -88.623047, 1095.703125
304.687500, -68.115234, 1106.445312
-,-,-
-244.873047, 44.433594, 1034.179688
-236.083984, 18.554688, 1032.226562
-296.630859, 45.410156, 1078.125000
-351.318359, -23.193359, 985.839844
-389.892578, 33.203125, 1032.226562
-256.591797, 58.593750, 982.910156
-257.568359, 102.050781, 997.558594
-192.626953, 97.656250, 1028.320312
-131.591797, 61.035156, 991.210938
-47.119141, 16.113281, 1095.214844
138.671875, -9.521484, 1065.917969
344.726562, 14.648438, 1151.367188
502.441406, 19.531250, 1100.585938
365.722656, -4.638672, 1004.882812
422.363281, -50.537109, 1086.914062
-,-,-
-278.076172, 113.281250, 1039.550781
-312.744141, 108.398438, 1050.781250
-364.013672, 130.859375, 1068.359375
-471.923828, 134.765625, 964.843750
-421.142578, 88.378906, 966.796875
-306.396484, 114.746094, 914.062500
-232.177734, 149.414062, 956.054688
-168.701172, 46.386719, 1033.691406
1.953125, 123.046875, 1106.445312
143.066406, 30.273438, 1135.742188
184.082031, -13.916016, 1000.976562
213.378906, -55.419922, 1130.859375
309.082031, 14.160156, 1126.953125
386.718750, 27.343750, 1164.062500
-,-,-
-257.080078, 81.054688, 1048.828125
-307.373047, 109.375000, 1087.890625
-383.544922, 96.679688, 1069.335938
-416.748047, 50.781250, 1046.875000
-422.607422, 172.851562, 1053.710938
-349.365234, 138.671875, 955.078125
-317.138672, 120.605469, 954.101562
-170.654297, 73.730469, 988.769531
-71.533203, 66.894531, 957.031250
141.601562, 20.507812, 981.445312
255.859375, 3.417969, 1032.714844
367.187500, -23.193359, 1086.914062
438.476562, 41.015625, 1047.851562
366.699219, 53.710938, 1182.617188
313.476562, 16.113281, 1111.328125
-,-,-
-333.251953, 139.648438, 1081.054688
-323.486328, 104.980469, 999.023438
-343.505859, 161.621094, 1101.562500
-461.181641, 90.820312, 1044.433594
-469.970703, 132.324219, 1029.296875
-459.228516, 144.042969, 1021.484375
-343.994141, 102.050781, 991.210938
-251.708984, 188.964844, 1060.058594
-9.033203, 162.597656, 985.839844
43.945312, 125.000000, 915.527344
205.078125, 41.992188, 1013.183594
282.226562, -21.240234, 1075.195312
420.410156, 67.382812, 987.792969
377.929688, 42.968750, 1142.089844
-,-,-
-266.357422, 137.695312, 1072.265625
-287.353516, 144.531250, 1076.171875
-384.033203, 147.460938, 1100.585938
-435.302734, 158.691406, 1000.000000
-426.513672, 134.765625, 993.164062
-386.962891, 137.695312, 956.054688
-288.818359, 127.929688, 957.031250
-128.662109, 113.281250, 954.589844
-55.908203, 49.804688, 921.875000
41.992188, -88.134766, 990.234375
260.253906, -70.068359, 1203.125000
438.964844, 98.144531, 1203.125000
576.171875, 100.097656, 998.046875
420.410156, -100.830078, 1086.914062
-,-,-
-213.134766, 63.476562, 1067.382812
-296.630859, 144.531250, 1091.796875
-374.755859, 92.773438, 1026.367188
-395.263672, 75.683594, 1032.226562
-344.482422, 99.609375, 1015.136719
-256.591797, 52.734375, 946.289062
-156.494141, 114.746094, 908.691406
-54.931641, 88.867188, 1016.113281
22.949219, 73.242188, 919.921875
152.832031, 29.785156, 1090.332031
229.980469, -14.404297, 1109.375000
295.898438, 62.988281, 1040.039062
394.531250, 32.226562, 1102.539062
-,-,-
-248.291016, 16.601562, 1116.699219
-249.755859, 155.273438, 1122.070312
-287.841797, 46.875000, 1102.539062
-309.814453, 92.773438, 1017.089844
-322.021484, 99.609375, 1043.945312
-219.970703, 81.054688, 977.539062
-205.322266, 164.550781, 983.886719
-92.529297, 38.085938, 1050.781250
-26.123047, 110.351562, 1013.183594
97.656250, 37.109375, 1045.898438
276.855469, -49.560547, 1179.687500
418.457031, 14.160156, 1048.828125
507.812500, 35.156250, 1010.742188
468.261719, 0.488281, 1073.242188
-,-,-
-271.728516, 96.679688, 1071.289062
-343.505859, 174.316406, 1101.562500
-392.333984, 97.656250, 1077.148438
-436.279297, 162.597656, 1045.898438
-379.150391, 166.015625, 984.375000
-255.126953, 145.996094, 989.746094
-145.263672, 121.582031, 984.863281
5.371094, -4.638672, 1009.277344
124.023438, -5.615234, 1008.300781
259.765625, -21.240234, 1031.250000
303.710938, -127.685547, 1093.261719
398.437500, -89.599609, 1113.281250
437.500000, -7.568359, 1044.921875
391.113281, -55.419922, 1076.171875
332.031250, -64.208984, 1124.023438
-,-,-
-246.337891, 122.070312, 1074.218750
-273.193359, 128.906250, 1005.859375
-325.439453, 156.250000, 1052.734375
-350.830078, 134.277344, 1027.343750
-371.337891, 167.968750, 995.117188
-302.001953, 135.742188, 998.046875
-162.841797, 183.593750, 1004.882812
-61.767578, 155.273438, 949.218750
20.507812, 117.675781, 949.218750
104.003906, 32.714844, 1092.285156
199.218750, -19.287109, 1078.125000
181.152344, -124.755859, 944.335938
384.765625, 40.039062, 1040.527344
586.914062, 133.300781, 1122.070312
-,-,-
-250.732422, 44.433594, 1078.125000
-293.701172, 145.507812, 1082.031250
-283.935547, 97.656250, 1032.714844
-308.349609, 131.347656, 1094.726562
-322.021484, 134.765625, 1045.898438
-249.267578, 119.140625, 991.699219
-168.701172, 145.996094, 984.375000
-130.126953, 166.992188, 900.390625
-24.658203, 129.394531, 948.242188
27.343750, 131.347656, 919.921875
135.253906, 41.992188, 1079.101562
221.191406, 20.507812, 1253.417969
377.929688, 41.503906, 1066.894531
503.417969, 47.851562, 1083.984375
458.984375, -10.986328, 1086.914062
-,-,-
-328.857422, 126.953125, 1052.734375
-296.142578, 14.160156, 1016.113281
-317.626953, 106.445312, 1031.250000
-442.138672, 59.082031, 1062.011719
-461.181641, 114.746094, 981.933594
-354.248047, 103.027344, 1091.308594
-236.083984, 115.722656, 1152.343750
-67.138672, 184.570312, 1061.523438
7.324219, 67.382812, 1159.667969
158.691406, 75.195312, 1144.042969
195.312500, 21.484375, 1063.964844
250.000000, 23.437500, 998.046875
400.390625, 65.429688, 929.687500
449.218750, 45.898438, 1016.113281
480.468750, 4.882812, 1109.863281
-,-,-
-241.455078, 189.941406, 1104.492188
-276.611328, 202.148438, 1072.265625
-230.712891, 198.242188, 1066.894531
-303.955078, 145.019531, 1044.921875
-336.669922, 95.703125, 979.003906
-240.478516, 145.019531, 894.531250
-185.302734, 62.011719, 997.558594
-52.978516, 49.804688, 978.515625
66.406250, 31.250000, 1074.218750
261.718750, 9.765625, 1070.800781
341.796875, -8.544922, 1030.761719
460.449219, 22.460938, 1034.179688
416.992188, 147.949219, 906.738281
296.875000, 44.433594, 953.125000
-,-,-
-280.517578, 143.554688, 958.496094
-318.603516, 120.605469, 1092.285156
-411.376953, 190.429688, 1134.765625
-402.099609, 154.296875, 1067.382812
-413.818359, 181.640625, 998.046875
-383.544922, 128.417969, 968.261719
-259.521484, 138.671875, 944.335938
-112.060547, 133.300781, 924.804688
33.203125, 53.710938, 998.046875
250.976562, 87.402344, 1018.066406
379.394531, 41.015625, 1123.535156
402.343750, -62.255859, 1121.093750
354.492188, -102.783203, 1156.250000
332.519531, -34.912109, 1170.898438
-,-,-
-232.177734, 110.351562, 1031.250000
-213.134766, 146.972656, 1014.160156
-224.853516, 181.640625, 1042.968750
-230.712891, 93.750000, 1111.328125
-261.962891, 143.554688, 1049.804688
-272.705078, 87.402344, 1096.191406
-269.775391, 74.707031, 1121.582031
-195.068359, 98.632812, 1015.136719
-84.228516, 28.808594, 1078.125000
57.128906, 62.011719, 1038.574219
228.515625, 58.105469, 879.394531
354.492188, 7.812500, 1017.578125
383.789062, 91.796875, 1098.632812
389.648438, -2.685547, 1099.609375
302.734375, 81.054688, 1128.906250
219.238281, 79.101562, 1138.671875
-,-,-
-213.623047, 149.414062, 974.609375
-228.759766, 161.621094, 1052.734375
-316.162109, 169.921875, 1094.726562
-403.076172, 151.367188, 1080.078125
-420.654297, 101.562500, 1068.359375
-401.611328, 127.929688, 938.964844
-233.154297, 153.320312, 934.082031
-196.533203, 140.625000, 934.082031
-27.099609, 56.640625, 1002.929688
61.523438, 167.968750, 992.675781
185.546875, -38.818359, 1102.539062
336.425781, -88.623047, 1157.226562
615.234375, -2.197266, 1021.484375
655.273438, 78.125000, 1028.320312
-,-,-
-116.943359, 135.253906, 1003.906250
-155.029297, 95.703125, 1036.132812
-134.033203, 14.648438, 1093.750000
-112.548828, 89.355469, 1096.679688
-165.283203, 71.289062, 1046.875000
-187.744141, 94.726562, 1011.230469
-154.052734, 65.429688, 1019.042969
-99.365234, 167.968750, 1043.457031
-17.822266, 39.062500, 1049.804688
35.156250, 73.730469, 964.355469
136.230469, -8.056641, 1097.656250
359.375000, 96.679688, 1000.000000
416.992188, 141.601562, 929.687500
334.472656, 115.234375, 951.171875
249.023438, 17.089844, 1212.890625
269.531250, -41.259766, 1318.847656
-,-,-
35.156250, 127.929688, 1050.781250
-15.869141, 33.203125, 1043.945312
-140.380859, 190.917969, 1049.804688
-415.283203, 225.585938, 1016.113281
-437.744141, 134.277344, 1041.992188
-504.150391, 152.343750, 1035.644531
-453.369141, 135.253906, 939.941406
-339.599609, 114.746094, 897.460938
-157.470703, 112.792969, 871.093750
34.179688, 95.703125, 1059.082031
515.625000, -39.306641, 993.652344
710.449219, -177.978516, 1246.582031
505.371094, -122.802734, 1278.320312
187.011719, -9.521484, 1122.070312
153.320312, 57.617188, 912.109375
-,-,-
-217.041016, 88.867188, 1104.492188
-354.248047, -20.263672, 1000.976562
-296.142578, 72.265625, 1055.175781
-253.662109, 106.445312, 1005.859375
-246.337891, 125.976562, 962.402344
-257.568359, 135.742188, 1035.644531
-99.365234, 59.082031, 1104.492188
-47.119141, 45.410156, 1121.582031
113.769531, 2.441406, 1098.144531
236.816406, -48.095703, 1098.144531
452.636719, -52.001953, 1067.871094
509.765625, -4.150391, 1077.148438
389.160156, -4.150391, 1105.468750
-,-,-
-230.712891, 55.175781, 1139.160156
-373.291016, 165.039062, 1137.695312
-399.658203, 87.402344, 1107.910156
-343.017578, 88.378906, 1003.417969
-316.650391, 66.406250, 943.359375
-258.544922, 75.683594, 940.429688
-133.056641, 106.933594, 974.609375
-25.146484, 97.656250, 974.609375
-31.982422, 116.210938, 988.769531
61.523438, 49.804688, 1051.757812
160.156250, 126.464844, 980.957031
244.140625, 29.785156, 1013.183594
335.449219, 32.714844, 1138.671875
370.117188, 66.894531, 1110.351562
-,-,-
-165.283203, 182.617188, 1062.011719
-326.416016, 137.695312, 1079.101562
-314.697266, 88.378906, 1044.921875
-335.693359, 113.281250, 1038.574219
-373.291016, 88.378906, 900.390625
-376.708984, 99.609375, 916.015625
-276.611328, 61.523438, 1004.394531
-214.111328, 112.304688, 982.421875
-68.115234, 107.421875, 998.046875
102.050781, 49.316406, 1098.144531
181.152344, -45.166016, 1153.320312
206.542969, -92.529297, 1179.687500
275.390625, -87.158203, 1215.820312
-,-,-
-230.712891, 76.660156, 1047.851562
-332.763672, 126.953125, 1148.437500
-276.611328, 110.351562, 1068.359375
-344.482422, 98.632812, 1005.859375
-365.478516, 58.105469, 1025.390625
-361.083984, 105.957031, 989.746094
-333.251953, 76.660156, 963.378906
-330.810547, 50.781250, 1000.976562
-199.462891, 15.136719, 1006.835938
-77.880859, 29.785156, 1041.503906
107.421875, 22.460938, 1061.035156
257.812500, 3.906250, 1014.648438
402.343750, 40.527344, 1044.433594
455.078125, 91.796875, 1064.941406
293.457031, 107.421875, 1137.695312
-,-,-
-254.150391, 79.101562, 1123.046875
-283.935547, 166.992188, 1105.468750
-306.396484, 100.585938, 1090.332031
-354.248047, 141.601562, 1073.242188
-386.962891, 154.296875, 1035.644531
-336.669922, 102.050781, 936.035156
-319.091797, 102.050781, 961.425781
-233.154297, 103.027344, 1010.253906
-99.365234, 47.363281, 986.816406
98.632812, 59.082031, 987.792969
278.808594, 79.101562, 1061.523438
238.281250, 69.824219, 1086.914062
246.582031, 29.785156, 1004.882812
295.410156, 107.910156, 1176.757812
336.425781, 53.710938, 1246.582031
363.769531, -112.060547, 1255.371094
-,-,-
-294.189453, 84.960938, 1019.531250
-321.044922, 124.023438, 1046.875000
-330.810547, 160.156250, 1116.699219
-391.357422, 83.007812, 1092.773438
-425.537109, 131.835938, 1075.195312
-372.314453, 56.152344, 879.394531
-332.275391, 91.308594, 934.082031
-106.201172, 38.085938, 1066.894531
27.832031, 110.351562, 1086.425781
121.582031, 29.785156, 1087.402344
278.808594, 12.207031, 1142.089844
382.324219, -27.099609, 1083.007812
451.660156, -10.009766, 1080.078125
387.695312, 57.128906, 1138.671875
212.890625, 12.695312, 1091.308594
-,-,-
-306.396484, 94.726562, 1117.675781
-253.173828, 88.378906, 1015.625000
-279.052734, 97.656250, 1037.597656
-312.744141, 100.585938, 1090.332031
-347.412109, 131.347656, 1106.445312
-326.416016, 103.027344, 1104.492188
-274.658203, 165.527344, 1046.875000
-238.525391, 118.164062, 953.613281
-223.876953, 182.617188, 979.980469
-156.005859, 131.347656, 994.628906
-30.029297, 76.660156, 946.289062
109.863281, -4.638672, 987.792969
282.226562, 12.207031, 1028.320312
291.015625, -1.220703, 1111.328125
367.187500, 95.703125, 1085.937500
410.644531, 16.113281, 1108.398438
-,-,-
-290.771484, 26.367188, 1081.054688
-266.357422, 53.710938, 1149.414062
-360.107422, 102.050781, 1101.562500
-344.482422, 91.796875, 1065.917969
-364.501953, 65.429688, 1008.300781
-383.056641, 75.195312, 1032.714844
-335.205078, 76.171875, 1034.667969
-189.208984, 73.730469, 1013.183594
-146.240234, 142.578125, 988.769531
33.691406, 111.328125, 1024.414062
116.210938, 39.062500, 1002.929688
233.398438, 29.785156, 1105.468750
327.148438, 93.750000, 1049.804688
465.820312, -4.638672, 1009.277344
-,-,-
-303.955078, 125.000000, 1042.968750
-280.029297, 143.554688, 1090.332031
-337.646484, 161.132812, 1071.289062
-405.517578, 150.390625, 1025.390625
-442.626953, 168.945312, 986.816406
-349.853516, 182.617188, 891.601562
-319.580078, 155.273438, 976.562500
-192.138672, 125.488281, 978.027344
-70.556641, 102.539062, 1053.710938
167.480469, 68.359375, 1047.851562
250.000000, 27.832031, 1126.953125
358.886719, 2.441406, 1135.742188
465.332031, 45.410156, 1110.839844
558.105469, -39.794922, 1130.859375
-,-,-
-293.701172, 112.304688, 1022.460938
-335.693359, 286.132812, 1003.906250
-429.443359, 195.312500, 976.562500
-447.021484, 174.804688, 940.429688
-429.931641, 257.812500, 926.757812
-385.986328, 166.015625, 877.441406
-337.646484, 159.179688, 1022.949219
-230.712891, 94.726562, 1013.183594
-70.068359, 99.121094, 1036.621094
20.507812, 66.406250, 1128.906250
206.542969, 93.750000, 1134.765625
333.984375, 138.671875, 1170.410156
395.996094, 101.074219, 1044.433594
422.851562, 20.507812, 1068.359375
-,-,-
-266.357422, 116.699219, 1072.265625
-387.451172, 95.703125, 1111.328125
-485.595703, 83.007812, 1041.992188
-402.587891, 95.703125, 994.628906
-322.021484, 110.351562, 1007.812500
-339.111328, 99.609375, 983.886719
-322.998047, 104.980469, 1014.648438
-203.857422, 61.035156, 1042.968750
-55.908203, 30.761719, 937.988281
181.152344, -8.544922, 1070.800781
333.007812, 41.015625, 1041.503906
361.328125, -2.197266, 1019.042969
397.949219, 97.656250, 992.187500
324.707031, 40.039062, 1206.054688
-,-,-
-451.416016, 195.312500, 1129.882812
-377.685547, 246.093750, 960.449219
-457.763672, 151.367188, 1054.687500
-491.455078, 125.000000, 1053.710938
-536.865234, 114.257812, 999.023438
-531.494141, 147.949219, 883.300781
-423.583984, 104.003906, 910.644531
-318.603516, 19.531250, 938.964844
-58.349609, 44.433594, 948.242188
155.273438, -114.501953, 1096.679688
296.386719, -70.068359, 1115.722656
271.484375, -34.912109, 1218.750000
390.136719, 4.882812, 990.234375
306.640625, 4.882812, 1117.675781
191.406250, 34.667969, 1143.066406
