-,-,-
-970.947266, 59.082031, 202.148438
-1001.708984, -21.240234, 244.140625
-989.013672, 60.058594, 313.964844
-1063.720703, 25.390625, 482.421875
-1019.775391, -14.892578, 614.257812
-976.806641, -35.400391, 612.304688
-972.412109, -63.720703, 614.746094
-905.029297, -111.572266, 506.835938
-977.783203, -54.931641, 408.203125
-998.779297, -186.767578, -8.056641
-1037.353516, -18.310547, -390.869141
-1158.935547, 83.984375, -490.478516
-1060.302734, 360.351562, -558.349609
-,-,-
-936.767578, -42.236328, 94.726562
-983.154297, 40.039062, 174.804688
-1001.708984, -47.607422, 270.507812
-1072.998047, -115.478516, 512.207031
-1081.298828, -204.345703, 475.097656
-1153.564453, -145.751953, 440.917969
-982.177734, -250.244141, 314.941406
-987.548828, -108.154297, 217.773438
-1040.771484, 5.371094, 65.429688
-1041.748047, -65.185547, -105.712891
-1208.251953, -44.189453, -366.455078
-1036.865234, 87.402344, -568.603516
-847.412109, 273.925781, -714.599609
-1030.029297, 208.496094, -591.064453
-1051.513672, 92.285156, -437.744141
-,-,-
-969.970703, -65.185547, 144.531250
-932.861328, 36.132812, 220.703125
-989.990234, 35.156250, 347.656250
-981.689453, -81.298828, 444.335938
-945.556641, -233.642578, 671.875000
-970.947266, -251.220703, 668.945312
-1025.146484, -28.564453, 623.535156
-1177.001953, -288.330078, 205.566406
-1120.361328, 14.648438, -343.017578
-1246.826172, 146.972656, -406.982422
-1137.451172, 103.027344, -780.517578
-1035.400391, 114.257812, -630.126953
-886.962891, 232.910156, -513.916016
-,-,-
-1008.056641, -63.232422, 190.429688
-983.154297, -23.193359, 312.988281
-986.572266, -118.896484, 439.941406
-929.931641, -152.099609, 580.078125
-918.701172, -181.396484, 537.597656
-1006.591797, -211.669922, 465.332031
-1103.759766, -184.326172, 179.199219
-1166.748047, -121.826172, 139.648438
-1157.958984, 51.757812, -104.736328
-1129.150391, 120.117188, -479.248047
-1012.451172, 129.882812, -556.396484
-890.869141, 239.746094, -486.083984
-849.365234, 346.191406, -466.064453
-,-,-
-1103.271484, 51.757812, 125.976562
-1035.400391, -35.400391, 329.101562
-1003.173828, -152.099609, 437.500000
-993.896484, -70.556641, 410.156250
-1047.607422, -84.228516, 369.628906
-1021.240234, -122.802734, 290.039062
-943.115234, -50.537109, 168.945312
-1038.818359, -2.197266, -44.189453
-1065.673828, -11.962891, -278.076172
-1010.009766, 28.320312, -499.755859
-1032.958984, 62.500000, -607.666016
-888.916016, 329.101562, -614.013672
-811.767578, 375.976562, -555.419922
-,-,-
-1038.818359, 18.066406, 57.617188
-965.576172, -31.494141, 185.546875
-1033.447266, -77.880859, 315.429688
-1017.822266, -40.771484, 373.046875
-1080.322266, -80.322266, 383.789062
-1121.337891, -158.935547, 375.000000
-1012.451172, -123.779297, 295.898438
-1053.955078, -109.130859, 121.582031
-1045.166016, -74.462891, -129.150391
-977.783203, 6.835938, -371.337891
-960.205078, 115.722656, -476.318359
-917.236328, 295.410156, -521.728516
-884.521484, 384.765625, -656.005859
-,-,-
-1123.291016, -43.212891, 184.082031
-1004.638672, -63.232422, 264.648438
-993.408203, -151.123047, 344.726562
-977.294922, -89.111328, 287.109375
-1020.263672, -32.470703, 218.261719
-985.107422, -60.302734, 231.933594
-1077.392578, -63.232422, 195.312500
-1117.919922, 12.207031, 118.652344
-1118.896484, 17.089844, -59.326172
-1062.255859, 88.378906, -82.275391
-996.337891, 121.582031, -270.751953
-1129.150391, -67.138672, -482.177734
-780.517578, 437.988281, -688.232422
-,-,-
-987.060547, -71.044922, 165.039062
-933.349609, -60.302734, 205.078125
-989.990234, -50.537109, 255.859375
-1012.939453, -93.505859, 315.429688
-1039.306641, -138.916016, 313.964844
-1040.283203, -143.798828, 354.492188
-1054.443359, -134.033203, 245.117188
-1084.716797, -107.177734, 80.566406
-1129.638672, -45.654297, -48.095703
-1106.201172, -4.638672, -234.619141
-1017.822266, 62.011719, -358.154297
-950.927734, 126.464844, -534.912109
-861.572266, 323.730469, -646.240234
-,-,-
-1070.068359, -51.513672, 77.636719
-1028.076172, -29.541016, 88.867188
-1067.138672, -75.927734, 192.382812
-1043.701172, -97.412109, 355.468750
-1106.689453, -127.685547, 406.250000
-1042.236328, -82.763672, 353.515625
-992.431641, -62.255859, 300.781250
-1039.794922, -42.236328, 120.117188
-1055.908203, -45.166016, -16.357422
-1043.212891, 0.488281, -255.615234
-1117.919922, 95.214844, -354.248047
-1028.564453, 30.761719, -524.658203
-1021.240234, 212.890625, -557.373047
-,-,-
-967.529297, 37.109375, 110.351562
-1030.029297, 29.785156, 193.359375
-998.779297, -7.568359, 260.253906
-1049.560547, -10.498047, 326.171875
-1113.525391, -24.169922, 361.816406
-1024.169922, -14.892578, 310.058594
-1038.818359, -43.212891, 267.578125
-1006.591797, -25.146484, 98.632812
-991.943359, 39.550781, -80.810547
-1052.978516, -15.380859, -275.146484
-1043.701172, 43.457031, -508.544922
-835.205078, 475.585938, -653.564453
-,-,-
-990.966797, 12.695312, 154.785156
-1116.943359, -24.169922, 246.093750
-1001.220703, -44.189453, 333.007812
-1110.595703, -53.955078, 262.207031
-1130.126953, -34.912109, 198.242188
-1023.193359, -63.232422, 198.730469
-1105.712891, -13.916016, 174.804688
-924.560547, 155.273438, 123.535156
-1003.173828, 104.003906, 24.902344
-1059.326172, 19.042969, -48.095703
-1037.353516, 17.089844, -78.369141
-1077.880859, 65.917969, -274.169922
-1073.486328, 376.953125, -618.896484
-,-,-
-1003.662109, 44.433594, 59.082031
-965.087891, 38.085938, 368.164062
-1026.611328, -62.255859, 408.203125
-1092.529297, -76.904297, 259.277344
-1067.138672, -8.056641, 332.031250
-993.408203, -67.138672, 359.375000
-1043.701172, -105.224609, 254.394531
-1107.177734, -13.916016, 142.578125
-1050.537109, 29.785156, 36.132812
-1057.861328, 30.273438, -155.517578
-1050.048828, 7.812500, -320.556641
-936.279297, 45.410156, -567.138672
-1019.287109, 288.574219, -652.587891
-,-,-
-995.361328, 10.742188, 214.843750
-1040.283203, 11.718750, 229.492188
-945.068359, 10.253906, 285.644531
-1007.568359, -65.185547, 293.945312
-994.384766, -81.787109, 315.917969
-989.013672, -76.904297, 273.437500
-1028.076172, -42.236328, 242.187500
-966.552734, 58.105469, 169.921875
-1109.130859, -1.708984, 60.546875
-1143.798828, 122.070312, -120.849609
-1123.779297, 21.484375, -244.384766
-1124.755859, 100.097656, -484.130859
-914.306641, 256.835938, -666.748047
-,-,-
-995.361328, 45.410156, 160.156250
-974.365234, 8.789062, 160.156250
-1053.466797, 12.695312, 291.992188
-999.267578, -50.537109, 398.437500
-1047.119141, -104.248047, 372.070312
-1046.142578, -14.892578, 313.964844
-1004.638672, -27.587891, 261.230469
-1004.638672, 12.695312, 134.277344
-1018.798828, 52.734375, 21.972656
-955.322266, 65.429688, -249.755859
-1040.771484, 123.535156, -261.962891
-1059.326172, 104.003906, -357.177734
-1098.876953, 309.082031, -494.384766
-931.396484, 223.632812, -454.833984
-,-,-
-969.970703, 13.183594, 186.523438
-910.888672, -28.564453, 217.773438
-1020.263672, -9.521484, 262.207031
-1022.216797, -23.193359, 300.781250
-1078.857422, -8.544922, 270.507812
-1009.521484, 31.738281, 248.046875
-1035.400391, -55.908203, 229.492188
-1048.095703, 14.160156, 165.039062
-1128.173828, 3.417969, 70.312500
-1117.919922, -21.240234, 22.460938
-1089.111328, -110.107422, -75.439453
-1030.029297, -11.962891, -243.896484
-888.916016, 167.968750, -554.443359
-989.501953, 257.812500, -617.919922
-,-,-
-975.341797, 9.765625, 177.734375
-1059.814453, 42.480469, 183.105469
-1076.904297, 16.113281, 212.402344
-1103.271484, -42.236328, 376.953125
-950.927734, -142.822266, 374.023438
-934.326172, -44.189453, 245.117188
-979.736328, 33.203125, 180.175781
-908.447266, 48.828125, 141.601562
-1029.052734, 7.812500, 60.546875
-1145.751953, 103.027344, -139.404297
-1141.357422, 101.074219, -371.826172
-1034.423828, 98.632812, -419.677734
-914.306641, 162.109375, -473.388672
-944.580078, 69.335938, -517.333984
-,-,-
-1043.701172, 14.160156, 139.648438
-1052.001953, -13.916016, 235.839844
-968.994141, 7.812500, 193.359375
-1044.189453, 60.546875, 209.472656
-1034.423828, 26.367188, 218.750000
-1003.173828, 44.433594, 272.460938
-988.525391, -43.212891, 265.136719
-1032.958984, -84.716797, 277.832031
-1050.048828, -69.580078, 251.464844
-935.302734, -151.611328, -12.451172
-1010.986328, -54.443359, -464.111328
-981.201172, 197.265625, -734.619141
-1007.568359, 126.953125, -658.935547
-,-,-
-927.490234, -11.474609, 168.945312
-973.388672, 45.410156, 268.554688
-1027.587891, 16.113281, 310.058594
-974.853516, -61.767578, 344.726562
-984.619141, -69.580078, 361.816406
-1014.404297, -63.232422, 366.699219
-1046.630859, -85.693359, 298.828125
-1111.572266, -81.787109, 166.992188
-1101.318359, -7.568359, 76.660156
-1086.181641, 48.828125, -107.666016
-1162.353516, 44.921875, -140.869141
-1121.337891, 100.097656, -313.720703
-918.701172, 275.390625, -440.673828
-,-,-
-970.947266, 52.734375, 218.750000
-995.849609, 73.242188, 239.257812
-1014.404297, 72.753906, 223.632812
-1062.255859, -6.591797, 276.367188
-1037.841797, -22.216797, 308.105469
-998.779297, 4.882812, 277.343750
-968.017578, 35.156250, 225.585938
-978.271484, 111.328125, 213.378906
-981.201172, 24.414062, 180.175781
-1074.951172, 9.765625, 177.734375
-1053.466797, -12.939453, 123.535156
-1105.712891, 60.058594, -171.142578
-1099.853516, 193.847656, -549.072266
-,-,-
-982.177734, 15.625000, 204.101562
-1000.244141, 9.765625, 219.726562
-940.185547, 13.671875, 234.863281
-1022.216797, -12.939453, 266.601562
-1016.845703, -12.451172, 259.277344
-1042.724609, 38.085938, 344.726562
-1013.427734, -5.615234, 332.519531
-1028.076172, 49.804688, 263.183594
-1016.357422, 21.972656, 151.855469
-1023.681641, 61.523438, -149.169922
-1158.935547, 18.066406, -281.494141
-1105.712891, -14.892578, -423.095703
-1084.228516, 86.425781, -464.111328
-904.052734, 235.839844, -435.302734
-,-,-
-981.201172, 51.757812, 168.945312
-983.154297, 57.128906, 196.289062
-1084.716797, 61.523438, 232.421875
-1037.841797, 16.601562, 325.195312
-1011.474609, -11.962891, 333.984375
-992.919922, 51.757812, 288.085938
-1002.685547, 34.179688, 301.757812
-1085.693359, 67.382812, 332.519531
-1076.904297, -21.240234, 208.496094
-1054.443359, -29.052734, -38.818359
-1075.439453, -79.833984, -273.193359
-1000.244141, 1.953125, -506.591797
-1055.908203, 66.406250, -615.966797
-956.298828, 216.796875, -565.185547
-,-,-
-1081.298828, -56.884766, 241.210938
-1038.818359, 69.335938, 277.832031
-1048.583984, 36.132812, 311.035156
-1032.958984, -7.568359, 363.769531
-931.884766, -42.236328, 393.554688
-912.353516, -44.189453, 328.125000
-944.091797, 28.320312, 284.667969
-1008.544922, -15.380859, 284.667969
-1090.576172, -70.556641, 223.632812
-1123.779297, 2.929688, 23.437500
-1052.978516, 28.320312, -233.642578
-1144.775391, 32.714844, -472.412109
-989.990234, 195.312500, -651.611328
-,-,-
-999.755859, 63.476562, 267.578125
-925.048828, 62.500000, 270.507812
-983.154297, 27.343750, 352.539062
-985.595703, -11.474609, 378.906250
-1019.775391, -1.708984, 310.058594
-1034.423828, 23.925781, 237.304688
-1042.236328, 7.812500, 175.781250
-1050.048828, -33.447266, 88.867188
-988.525391, -45.654297, 23.925781
-1070.068359, -25.146484, -159.423828
-1076.416016, 50.781250, -355.712891
-1092.529297, 50.781250, -482.177734
-1011.474609, 73.730469, -424.560547
-,-,-
-1004.150391, -27.587891, 237.792969
-1015.380859, -24.658203, 230.468750
-997.802734, 7.812500, 231.445312
-991.943359, 41.015625, 283.691406
-983.154297, 12.695312, 255.371094
-1043.212891, 11.718750, 259.277344
-997.802734, 37.109375, 279.296875
-1018.798828, 33.691406, 228.027344
-1080.322266, 34.179688, 215.820312
-1108.154297, -10.986328, 148.925781
-1116.943359, 15.136719, -13.427734
-1079.833984, 81.054688, -116.943359
-1080.322266, 94.726562, -299.560547
-959.716797, 125.976562, -405.029297
-,-,-
-1037.841797, 56.152344, 139.648438
-998.779297, 42.968750, 166.992188
-1014.404297, 19.531250, 158.203125
-1105.224609, 7.812500, 292.968750
-1049.560547, -51.513672, 362.792969
-1028.076172, 5.859375, 312.988281
-1009.521484, 11.718750, 280.761719
-975.341797, 37.109375, 263.671875
-1009.033203, -6.591797, 179.199219
-1006.591797, 47.851562, 129.394531
-1020.263672, 73.730469, -50.048828
-1063.232422, -14.892578, -55.908203
-1031.982422, 146.972656, -322.021484
-1044.189453, 190.917969, -438.232422
-1084.228516, 220.214844, -475.341797
-,-,-
-970.947266, 45.898438, 214.843750
-939.208984, 44.433594, 174.804688
-1036.376953, 33.203125, 220.703125
-1019.775391, 23.437500, 216.796875
-1035.400391, -10.498047, 235.839844
-1033.447266, 21.484375, 210.449219
-999.267578, 11.230469, 205.566406
-995.361328, 97.167969, 178.222656
-1039.794922, 70.800781, 149.902344
-1070.068359, 12.695312, 113.281250
-1054.443359, 19.042969, 69.335938
-1113.525391, -10.986328, -0.244141
-1074.462891, 44.433594, -120.849609
-948.974609, 158.203125, -233.642578
-994.873047, 320.800781, -375.732422
-,-,-
-976.318359, 55.175781, 250.976562
-1018.798828, 105.468750, 266.601562
-932.373047, 94.726562, 314.453125
-968.505859, 103.027344, 358.398438
-1037.841797, -25.634766, 388.183594
-958.251953, 45.410156, 298.828125
-981.201172, 26.367188, 208.984375
-984.130859, 86.914062, 173.339844
-973.388672, 92.773438, 169.921875
-1109.130859, 89.355469, 117.187500
-1171.142578, 7.812500, 46.386719
-1081.298828, 61.523438, -108.642578
-1018.798828, 161.621094, -318.603516
-1101.318359, 141.601562, -413.330078
-,-,-
-1036.376953, 82.031250, 220.703125
-980.224609, 94.726562, 231.445312
-1000.244141, 41.992188, 253.906250
-1001.220703, 32.226562, 324.218750
-983.154297, 20.507812, 304.687500
-1013.427734, -4.638672, 312.988281
-982.177734, -3.662109, 278.320312
-1036.865234, -20.263672, 181.152344
-1077.880859, 33.203125, 131.347656
-1073.974609, -34.912109, 81.054688
-1044.677734, 112.792969, -94.970703
-1119.384766, 167.480469, -332.275391
-1059.326172, 316.406250, -494.384766
-1043.701172, 208.007812, -363.525391
-,-,-
-1029.052734, 17.089844, 196.289062
-1003.173828, 59.082031, 160.156250
-1039.306641, 56.152344, 214.843750
-1093.505859, -16.357422, 332.031250
-974.365234, 20.507812, 291.992188
-981.201172, 38.085938, 225.585938
-1028.076172, 46.875000, 201.171875
-1034.423828, 31.738281, 167.968750
-1048.095703, 39.062500, 114.257812
-998.779297, 38.574219, -10.986328
-1032.470703, 117.675781, -125.244141
-1054.443359, 145.996094, -277.099609
-982.177734, 332.031250, -438.720703
-,-,-
-965.576172, 113.769531, 135.742188
-1042.724609, 74.707031, 193.359375
-975.341797, -36.865234, 275.390625
-1005.615234, -47.607422, 335.937500
-1021.240234, -98.388672, 306.640625
-1023.193359, 58.105469, 219.726562
-1074.951172, 53.710938, 179.199219
-1075.439453, 93.750000, 54.199219
-1052.490234, 10.742188, -52.978516
-1081.298828, 140.136719, -120.849609
-1034.423828, 124.023438, -323.486328
-952.392578, 419.921875, -501.708984
-,-,-
-934.326172, 125.976562, 100.097656
-986.572266, 82.031250, 126.464844
-939.697266, 90.820312, 125.976562
-1005.615234, 87.890625, 174.804688
-1031.005859, 26.855469, 250.000000
-1057.861328, -23.681641, 351.562500
-1067.626953, -8.544922, 362.792969
-1123.779297, -11.474609, 296.875000
-1114.013672, -14.892578, 162.597656
-1077.880859, 56.152344, 76.660156
-1110.595703, 78.613281, -93.505859
-1074.462891, 127.441406, -432.373047
-1035.400391, 358.398438, -504.638672
-,-,-
-1092.529297, 97.167969, 146.484375
-887.451172, 101.562500, 208.984375
-966.552734, 63.476562, 250.000000
-963.134766, 46.875000, 199.218750
-1031.005859, 67.382812, 268.554688
-1034.423828, 31.738281, 271.484375
-1000.244141, 25.390625, 241.210938
-1024.658203, -19.287109, 169.921875
-1022.216797, 80.078125, 87.890625
-1044.677734, 97.167969, -12.451172
-1102.294922, 103.027344, -121.826172
-1134.033203, 77.636719, -219.482422
-1147.705078, 131.347656, -358.642578
-1092.041016, 219.238281, -410.400391
-,-,-
-910.888672, 118.652344, 270.507812
-953.857422, 113.281250, 307.128906
-947.021484, 122.070312, 326.171875
-1003.662109, 91.796875, 446.289062
-1007.568359, -56.884766, 489.746094
-972.900391, -38.818359, 626.464844
-939.697266, -24.169922, 572.753906
-994.873047, 13.183594, 514.160156
-1009.033203, -49.560547, 372.070312
-1024.169922, -45.654297, 84.472656
-1062.255859, 225.097656, -372.314453
-1085.693359, 321.289062, -562.255859
-1114.501953, 182.617188, -461.181641
-1096.923828, 179.199219, -631.103516
-,-,-
-1007.568359, 134.765625, 93.750000
-947.998047, 121.093750, 48.828125
-941.162109, 76.660156, 202.148438
-989.990234, 65.429688, 292.968750
-996.826172, 33.203125, 406.250000
-992.431641, 24.414062, 434.082031
-966.552734, -64.697266, 434.570312
-981.689453, -3.173828, 375.976562
-1029.052734, 85.937500, 213.378906
-1113.037109, 53.710938, -38.818359
-1168.701172, 40.039062, -101.806641
-1152.099609, 246.582031, -288.330078
-1082.763672, 268.066406, -506.591797
-1016.845703, 318.847656, -427.490234
-,-,-
-1009.033203, 64.453125, 97.656250
-1003.662109, 36.132812, 162.109375
-949.951172, 56.640625, 214.843750
-1000.732422, 42.480469, 323.242188
-1052.001953, -5.126953, 455.078125
-1022.216797, -61.279297, 514.648438
-992.431641, 41.503906, 434.082031
-1045.654297, 69.335938, 325.683594
-1098.876953, 73.730469, 186.523438
-1077.880859, 72.753906, -14.404297
-1133.056641, 125.976562, -287.353516
-1055.908203, 210.937500, -508.056641
-1009.033203, 219.238281, -554.443359
-1101.318359, 106.445312, -468.017578
-,-,-
-929.931641, 118.652344, 161.132812
-1045.654297, 48.828125, 280.273438
-1003.173828, 59.082031, 311.035156
-1027.587891, 37.109375, 394.042969
-1033.447266, -33.935547, 482.421875
-992.431641, 3.417969, 491.699219
-1017.822266, -1.708984, 409.667969
-1064.697266, 44.433594, 417.968750
-1146.240234, -106.201172, 310.058594
-1000.732422, 31.250000, 44.921875
-983.154297, 90.332031, -223.388672
-968.994141, 136.718750, -492.919922
-1025.634766, 284.179688, -558.349609
-1118.896484, 141.601562, -418.701172
-,-,-
-990.478516, 103.515625, 30.273438
-996.826172, 101.562500, 76.660156
-1001.220703, 62.500000, 101.562500
-984.619141, 72.753906, 203.125000
-1059.326172, 41.015625, 269.531250
-1064.208984, 62.011719, 386.230469
-1065.673828, 33.691406, 442.871094
-1067.626953, -23.193359, 414.550781
-990.966797, -2.197266, 381.347656
-994.384766, 7.812500, 96.679688
-1004.638672, 54.199219, 64.453125
-968.505859, -41.748047, -212.158203
-1076.416016, 119.628906, -458.740234
-1028.564453, 357.421875, -779.541016
-,-,-
-1081.298828, 152.343750, 297.851562
-994.384766, -125.732422, 479.492188
-919.189453, 69.824219, 393.554688
-1003.173828, 97.167969, 419.433594
-901.123047, 7.812500, 610.351562
-1054.931641, -109.130859, 496.582031
-1165.771484, -0.244141, 491.699219
-1135.986328, 32.714844, 167.968750
-1036.865234, 161.621094, -48.095703
-1023.681641, 173.339844, -540.283203
-906.005859, 295.410156, -536.865234
-,-,-
-1049.560547, 76.171875, 48.339844
-1024.658203, 80.078125, 178.222656
-998.779297, 63.476562, 328.125000
-995.361328, 81.054688, 433.593750
-944.091797, 28.808594, 504.882812
-1024.658203, -10.498047, 431.640625
-1150.146484, -11.474609, 333.496094
-1074.462891, -90.087891, -5.126953
-1072.509766, 43.457031, -355.224609
-1073.486328, 146.972656, -595.458984
-1001.220703, 161.621094, -592.041016
-1005.615234, 166.503906, -490.966797
-,-,-
-1002.197266, 161.132812, 143.554688
-1050.048828, -39.794922, 293.945312
-1008.056641, -18.798828, 407.226562
-1004.150391, -39.306641, 461.425781
-1029.052734, -69.091797, 336.425781
-1081.298828, 20.019531, 307.128906
-1000.732422, -26.611328, 197.265625
-1064.208984, -48.583984, 48.339844
-1031.005859, 10.742188, -254.638672
-1034.423828, 117.675781, -605.224609
-1112.548828, 177.246094, -995.361328
-,-,-
-1023.193359, 72.753906, 113.281250
-1003.173828, -30.517578, 191.406250
-1098.388672, 72.753906, 332.519531
-1003.173828, 46.875000, 362.792969
-989.990234, -0.244141, 331.054688
-1151.611328, -11.962891, 230.468750
-1137.939453, -95.458984, 187.988281
-1102.783203, -6.591797, 87.402344
-1132.568359, 67.382812, -242.431641
-1021.240234, 182.617188, -509.521484
-974.365234, 536.132812, -735.107422
-,-,-
-900.146484, 116.699219, 41.992188
-1051.513672, 184.570312, 28.808594
-1038.818359, 86.914062, 155.761719
-1065.673828, -58.837891, 317.382812
-1110.107422, -193.603516, 427.734375
-999.755859, -56.884766, 380.859375
-909.423828, -63.232422, 247.070312
-1048.095703, 15.136719, 92.285156
-1074.462891, 78.613281, -165.771484
-1204.345703, 52.734375, -468.994141
-1194.580078, 244.140625, -499.267578
-1031.982422, 459.472656, -766.357422
-,-,-
-973.388672, 2.441406, 56.152344
-1071.533203, 31.738281, 103.027344
-1001.220703, 25.390625, 172.851562
-989.013672, -23.681641, 351.562500
-1057.861328, -103.271484, 492.187500
-1002.197266, -41.748047, 378.906250
-1152.587891, -49.560547, 273.437500
-1107.177734, 46.386719, 230.957031
-1008.056641, 58.105469, 43.945312
-1094.482422, 156.250000, -271.240234
-1074.951172, 502.441406, -710.693359
-1083.740234, 174.316406, -467.041016
-,-,-
-1050.048828, 140.625000, 105.957031
-977.783203, 15.136719, 299.804688
-919.677734, -81.787109, 310.058594
-996.337891, -64.208984, 322.265625
-1068.115234, -149.169922, 216.796875
-1102.294922, 73.730469, 116.210938
-1132.568359, -24.169922, -29.541016
-1148.193359, -21.240234, -166.748047
-1078.369141, 126.953125, -325.927734
-1012.451172, 711.914062, -625.244141
-1009.033203, 283.203125, -399.169922
-,-,-
-1017.822266, 175.781250, 355.468750
-1021.240234, -15.380859, 452.148438
-969.970703, -6.591797, 553.710938
-897.705078, 48.828125, 538.085938
-1023.193359, 12.207031, 457.031250
-1133.544922, 19.042969, 265.136719
-1016.845703, -42.236328, 210.449219
-1068.603516, -52.001953, -148.193359
-1132.080078, 205.566406, -316.162109
-1019.775391, 249.511719, -496.337891
-966.552734, 508.300781, -701.416016
-,-,-
-1101.318359, 58.105469, 92.773438
-1000.244141, 71.777344, 115.234375
-1004.638672, 27.832031, 292.968750
-985.595703, 129.882812, 358.398438
-936.767578, 123.046875, 391.601562
-1005.615234, 28.320312, 441.894531
-1000.244141, 34.179688, 232.421875
-1109.619141, 0.488281, 123.535156
-1054.931641, -4.638672, 34.179688
-1070.068359, -155.029297, -114.013672
-1135.986328, -37.841797, -311.767578
-896.728516, 157.226562, -648.681641
-923.583984, 329.101562, -524.658203
-953.369141, 271.972656, -497.802734
-1134.521484, 65.429688, -503.662109
-,-,-
-1013.427734, -8.544922, 90.820312
-986.572266, 44.433594, 90.820312
-994.873047, 41.015625, 121.093750
-1005.615234, 52.734375, 217.773438
-1010.498047, 62.011719, 387.207031
-976.806641, 6.835938, 471.191406
-1057.861328, 40.527344, 538.085938
-1015.380859, -93.505859, 495.605469
-983.154297, -8.056641, 346.679688
-1114.990234, -99.365234, 173.339844
-1042.236328, 6.835938, -12.451172
-943.115234, 36.132812, -342.529297
-978.759766, 202.636719, -669.189453
-955.322266, 269.042969, -723.388672
-1002.197266, 39.062500, -533.935547
-,-,-
-971.923828, 29.785156, 71.777344
-1047.607422, 52.734375, 159.179688
-1008.056641, -3.662109, 266.601562
-981.689453, -31.982422, 385.253906
-996.826172, 23.437500, 482.421875
-961.181641, -64.697266, 529.296875
-965.087891, 42.480469, 501.953125
-973.388672, 84.472656, 368.164062
-1076.416016, -6.591797, 200.683594
-1111.083984, 34.179688, 8.789062
-996.337891, -33.447266, -449.462891
-1109.130859, 170.898438, -715.576172
-975.341797, 453.125000, -695.068359
-,-,-
-944.580078, 19.042969, 84.472656
-996.826172, 4.882812, 183.105469
-1031.005859, 38.085938, 231.933594
-963.134766, -32.470703, 469.238281
-1024.169922, -66.162109, 629.394531
-887.451172, -46.630859, 467.285156
-1034.423828, -20.263672, 457.519531
-1063.232422, 58.105469, 284.667969
-1029.052734, -60.791016, 156.738281
-1219.482422, 27.832031, -295.654297
-1069.091797, 135.253906, -429.443359
-1008.056641, 486.328125, -613.037109
-,-,-
-1090.087891, 17.089844, 187.011719
-1015.380859, 15.136719, 195.312500
-1031.005859, -67.626953, 240.234375
-1008.056641, 20.507812, 356.445312
-927.490234, -15.380859, 404.296875
-1060.791016, -72.509766, 416.503906
-977.783203, 32.714844, 415.527344
-925.537109, 7.812500, 283.691406
-1030.029297, -93.505859, 216.796875
-995.849609, -45.654297, 89.843750
-972.412109, 87.402344, -164.306641
-1082.275391, 151.855469, -347.412109
-1066.162109, 405.273438, -365.478516
-,-,-
-917.724609, 17.089844, 94.726562
-1036.865234, 4.882812, 144.531250
-1033.447266, 23.437500, 179.199219
-1045.654297, -12.939453, 393.554688
-1031.982422, -133.056641, 520.996094
-1009.033203, -68.115234, 492.675781
-955.322266, -37.841797, 351.562500
-896.728516, 6.835938, 208.496094
-935.302734, 1.464844, 83.007812
-1072.021484, 34.179688, -139.404297
-1058.837891, 139.648438, -291.748047
-1175.048828, 173.339844, -298.583984
-1202.880859, 146.972656, -266.357422
-1118.408203, 233.398438, -348.388672
-,-,-
-986.572266, -12.451172, 147.460938
-1005.615234, 15.625000, 188.476562
-1006.591797, -20.263672, 227.539062
-1004.638672, -10.498047, 358.398438
-1038.818359, -74.462891, 469.238281
-975.830078, -12.939453, 377.929688
-1006.591797, -12.939453, 302.734375
-956.787109, 3.906250, 247.070312
-944.580078, -1.220703, -12.451172
-1064.697266, 140.625000, -18.310547
-1070.068359, -3.662109, -151.123047
-1035.888672, 73.730469, -225.830078
-1042.724609, 79.101562, -330.322266
-964.599609, 401.367188, -393.798828
-,-,-
-1104.736328, 23.437500, 26.855469
-997.802734, 10.742188, 104.003906
-1095.947266, -47.119141, 230.957031
-1040.771484, -85.205078, 388.183594
-1017.822266, -74.951172, 377.929688
-994.873047, 91.796875, 356.933594
-1038.818359, -24.169922, 227.050781
-1058.837891, -15.869141, 120.605469
-1036.865234, 75.683594, -63.720703
-1035.888672, 184.570312, -313.720703
-1053.466797, 248.046875, -631.591797
-993.408203, 226.562500, -730.712891
-,-,-
-1091.064453, 103.027344, 284.667969
-952.880859, 46.875000, 456.054688
-915.283203, -42.236328, 373.046875
-1035.400391, 92.773438, 314.941406
-996.826172, 11.718750, 336.425781
-1075.927734, 135.253906, 405.273438
-1126.708984, -26.611328, 168.945312
-1095.947266, 11.230469, 41.992188
-1006.591797, 90.332031, -257.568359
-974.365234, 624.023438, -602.783203
-,-,-
-1008.056641, 3.906250, 174.804688
-981.689453, 46.875000, 217.773438
-978.759766, 17.089844, 305.664062
-970.458984, 26.367188, 385.253906
-986.572266, 27.832031, 440.917969
-987.548828, 52.734375, 377.929688
-978.759766, -59.814453, 363.769531
-1004.638672, -15.869141, 210.449219
-1084.716797, 75.683594, -114.013672
-1125.732422, 63.476562, -298.583984
-1108.154297, 105.468750, -376.708984
-1026.123047, 292.480469, -570.068359
-937.255859, 340.332031, -631.103516
-,-,-
-1013.427734, 132.324219, 34.179688
-1034.423828, 62.011719, 70.312500
-993.896484, 85.449219, 185.546875
-1037.841797, 94.726562, 258.300781
-938.720703, 31.250000, 305.664062
-1076.416016, -63.232422, 377.929688
-1131.591797, -60.302734, 310.058594
-1069.091797, 15.136719, 85.937500
-1103.271484, 62.500000, -101.806641
-1168.212891, 4.394531, -134.033203
-967.529297, 138.671875, -350.341797
-932.373047, 274.902344, -719.482422
-,-,-
-1009.033203, 103.027344, -65.185547
-1033.447266, -10.498047, 94.726562
-1026.611328, 14.160156, 119.140625
-1067.626953, 24.902344, 69.335938
-1119.384766, -23.193359, 1.953125
-1102.294922, -30.029297, 28.808594
-1064.208984, -2.197266, 17.089844
-1031.982422, 56.152344, -26.611328
-1044.677734, 45.410156, -234.619141
-1005.126953, 41.503906, -330.322266
-1016.845703, 104.980469, -467.041016
-886.474609, 228.515625, -617.431641
-866.943359, 263.183594, -669.677734
-897.705078, 158.203125, -634.521484
-,-,-
-1050.048828, 21.484375, -68.115234
-982.177734, 60.058594, 15.625000
-1014.404297, -3.173828, 168.945312
-1005.615234, -25.146484, 219.726562
-1023.193359, 0.488281, 401.367188
-996.826172, -88.623047, 465.332031
-993.408203, 70.312500, 294.921875
-1023.193359, 22.460938, 126.464844
-1083.740234, 38.085938, -175.048828
-1142.822266, 118.652344, -488.037109
-1083.251953, 187.988281, -626.220703
-1026.611328, 168.945312, -734.130859
-875.244141, 186.035156, -552.490234
-875.244141, 138.671875, -521.728516
-862.060547, 160.156250, -475.341797
-,-,-
-1052.001953, 30.761719, -28.564453
-1010.009766, 14.160156, 198.242188
-1038.818359, -16.845703, 304.199219
-998.291016, 25.390625, 262.207031
-1016.357422, -12.939453, 284.667969
-1028.564453, -15.869141, 251.953125
-1010.986328, -32.470703, 179.199219
-1059.814453, 83.007812, 37.109375
-1135.009766, 2.929688, -30.029297
-1239.013672, 16.113281, -427.490234
-1077.880859, 97.656250, -702.392578
-800.537109, 471.679688, -821.533203
-,-,-
-1024.169922, 40.039062, -108.154297
-986.572266, 36.132812, 8.789062
-1035.888672, 34.179688, 106.933594
-989.990234, 49.804688, 180.175781
-1010.009766, 38.574219, 184.082031
-1048.095703, 62.011719, 157.714844
-1099.365234, -52.001953, 139.648438
-1113.525391, 81.054688, 66.406250
-1126.220703, -70.556641, -66.162109
-1172.119141, 0.000000, -106.689453
-1061.279297, 24.414062, -242.919922
-997.802734, 65.429688, -506.591797
-931.884766, 114.257812, -618.896484
-780.517578, 407.714844, -831.298828
-,-,-
-990.966797, 63.476562, -33.935547
-928.955078, 33.691406, -12.451172
-972.412109, 55.664062, -81.787109
-1007.568359, 34.179688, 46.875000
-1023.193359, 15.136719, 208.496094
-1116.455078, 19.531250, 291.015625
-1215.576172, 62.500000, 352.539062
-1077.880859, -91.064453, 461.914062
-906.494141, -101.806641, 379.882812
-1014.404297, -45.166016, 221.679688
-990.966797, -51.025391, -52.978516
-984.619141, 91.308594, -500.244141
-1115.478516, 137.207031, -826.904297
-1101.318359, 244.140625, -891.357422
-,-,-
-1084.716797, 12.695312, -65.185547
-1109.130859, 112.304688, -42.724609
-1055.908203, 45.410156, 80.566406
-1032.470703, 14.160156, 279.296875
-974.365234, -34.912109, 385.253906
-998.779297, 4.882812, 302.734375
-1030.517578, -31.982422, 217.773438
-1193.603516, -81.298828, 64.453125
-1143.798828, 11.718750, -138.427734
-1162.841797, 17.089844, -374.755859
-1124.755859, 101.074219, -712.646484
-926.513672, 420.898438, -939.697266
-885.498047, 325.195312, -763.427734
-,-,-
-974.365234, 39.550781, -88.623047
-1037.353516, 73.730469, -11.474609
-999.267578, 44.433594, 57.617188
-1042.236328, -37.353516, 112.304688
-984.619141, -16.845703, 166.503906
-996.337891, 138.671875, 125.976562
-965.576172, 127.929688, 64.453125
-1067.138672, -7.568359, 106.933594
-1184.814453, -61.279297, 108.886719
-1174.560547, 12.695312, 0.488281
-1183.837891, 20.507812, -57.861328
-1108.154297, -32.470703, -359.619141
-931.884766, 242.187500, -741.943359
-868.896484, 600.097656, -989.501953
-,-,-
-991.455078, 55.664062, -83.740234
-1073.486328, 73.242188, 28.320312
-1022.216797, 10.742188, 115.234375
-1040.283203, 42.480469, 218.750000
-1016.845703, 69.335938, 212.402344
-981.201172, -9.033203, 259.277344
-992.919922, -85.205078, 256.347656
-1096.923828, -51.513672, 218.750000
-1138.427734, -85.205078, 113.281250
-1172.607422, -16.357422, 24.902344
-1067.626953, -92.041016, -306.884766
-994.384766, 138.671875, -677.978516
-841.064453, 410.644531, -862.060547
-812.744141, 344.238281, -805.908203
-,-,-
-1019.775391, 88.378906, 12.695312
-952.392578, 16.113281, 73.242188
-1042.236328, 37.109375, 170.898438
-1070.068359, -1.220703, 246.093750
-1068.603516, -29.541016, 328.125000
-1032.958984, -27.587891, 300.292969
-1096.923828, 35.156250, 178.222656
-1097.900391, -49.560547, 195.312500
-1211.669922, -71.533203, 205.566406
-1110.107422, -37.353516, -357.666016
-1000.244141, -89.111328, -592.041016
-937.744141, 2.929688, -789.794922
-658.935547, 338.378906, -1114.501953
-,-,-
-843.017578, 81.054688, -132.080078
-1114.013672, 33.691406, -63.232422
-994.384766, 28.808594, 73.730469
-1044.677734, 71.777344, 229.492188
-1077.392578, -9.521484, 292.968750
-1078.857422, 51.757812, 389.160156
-1132.080078, -82.275391, 425.781250
-1151.611328, -80.810547, 361.328125
-1153.564453, -46.630859, 100.585938
-973.876953, 18.554688, -348.876953
-1019.287109, 83.007812, -688.232422
-906.494141, 166.503906, -838.134766
-823.974609, 377.929688, -903.076172
-,-,-
-994.384766, 76.171875, -114.013672
-1041.259766, 45.410156, -152.587891
-985.595703, 99.609375, -60.302734
-1001.220703, 68.359375, 69.335938
-1025.634766, 1.953125, 213.867188
-1022.216797, -42.236328, 355.468750
-1061.767578, -54.443359, 287.597656
-1105.712891, -113.525391, 197.753906
-1187.744141, -101.806641, 125.488281
-1063.720703, 43.457031, -213.134766
-1034.423828, 78.613281, -397.705078
-1062.744141, 166.015625, -731.689453
-822.998047, 638.183594, -987.548828
-,-,-
-991.943359, 2.441406, 25.878906
-1015.380859, 79.101562, 144.531250
-1055.908203, 109.375000, 200.195312
-1104.736328, 17.089844, 336.425781
-1137.451172, 0.488281, 422.363281
-1119.384766, -165.771484, 392.089844
-879.638672, -2.197266, 350.585938
-929.931641, -23.193359, 177.246094
-1072.509766, -10.986328, -21.240234
-996.826172, -3.662109, -187.255859
-984.619141, 18.554688, -398.193359
-976.806641, 175.292969, -703.857422
-915.771484, 154.296875, -692.138672
-1037.841797, 125.000000, -526.611328
-,-,-
-1023.193359, 80.078125, -101.318359
-1019.775391, 186.523438, 0.488281
-1104.736328, 44.433594, 61.523438
-947.021484, 27.343750, 35.156250
-975.341797, 9.277344, 184.570312
-945.556641, -119.384766, 263.671875
-1037.841797, -90.087891, 290.527344
-1057.861328, -54.931641, 238.769531
-1051.025391, -75.439453, 49.316406
-1126.708984, -44.189453, -269.287109
-1174.560547, 66.406250, -338.134766
-989.990234, 99.121094, -529.052734
-1033.447266, 220.214844, -658.935547
-888.916016, 207.519531, -649.658203
-,-,-
-952.392578, 10.253906, 14.648438
-963.134766, 101.074219, 54.687500
-1056.884766, 96.679688, 118.164062
-1054.931641, 13.671875, 291.992188
-984.619141, 12.207031, 460.937500
-1022.216797, -14.892578, 488.281250
-990.966797, -137.451172, 440.917969
-1018.798828, -64.208984, 327.148438
-1043.212891, 41.992188, 71.777344
-1077.880859, 50.781250, -206.298828
-1122.802734, 5.371094, -494.384766
-1105.712891, 214.843750, -684.814453
-1032.470703, 273.925781, -833.251953
-994.384766, 61.523438, -639.404297
-,-,-
-980.712891, 43.457031, -15.380859
-979.736328, 67.382812, 13.671875
-1010.986328, 107.421875, 224.609375
-1038.818359, -28.564453, 467.285156
-1064.697266, 12.695312, 611.328125
-1031.494141, -10.009766, 646.972656
-996.826172, -16.845703, 502.929688
-994.384766, -7.568359, 263.671875
-1042.236328, -50.537109, -108.642578
-1135.498047, -39.794922, -446.533203
-1017.822266, 51.757812, -726.806641
-1042.724609, -43.212891, -880.126953
-833.251953, 92.773438, -783.447266
-,-,-
-980.712891, 57.617188, -38.818359
-996.337891, 91.796875, 3.906250
-1028.564453, 121.093750, 124.023438
-1034.912109, 102.050781, 408.691406
-1137.939453, -20.263672, 589.843750
-986.572266, 57.617188, 561.523438
-959.716797, 19.531250, 498.535156
-974.365234, 18.066406, 386.230469
-902.587891, -102.783203, 44.921875
-1210.205078, -219.482422, -431.396484
-1116.455078, 65.429688, -899.169922
-1044.677734, 255.859375, -1117.431641
-,-,-
-1106.201172, 68.359375, -36.865234
-990.966797, 139.648438, -100.341797
-1030.029297, 115.722656, -52.001953
-993.408203, 109.375000, 75.195312
-992.431641, 75.683594, 188.476562
-1063.232422, 58.593750, 286.621094
-1072.509766, 34.179688, 304.199219
-1100.341797, 2.929688, 323.242188
-1071.044922, -26.611328, 247.070312
-1093.994141, -10.498047, -42.236328
-1089.111328, 52.734375, -405.029297
-1123.291016, 95.703125, -613.037109
-1045.654297, 350.097656, -960.205078
-,-,-
-1009.033203, 147.949219, 17.089844
-978.759766, 97.656250, 120.117188
-1088.134766, 78.125000, 171.875000
-1009.033203, 29.785156, 234.863281
-1045.654297, 15.136719, 309.570312
-1213.134766, 25.390625, 210.449219
-1125.732422, 77.148438, 185.058594
-1016.845703, -1.220703, 90.820312
-1091.552734, 57.617188, -30.517578
-988.525391, 169.921875, -338.134766
-1039.794922, 175.292969, -509.521484
-876.220703, 318.359375, -677.490234
-950.927734, 84.472656, -610.107422
-,-,-
-1031.494141, 33.203125, 4.882812
-1043.212891, 156.250000, 36.132812
-1083.740234, 208.496094, 185.546875
-1115.966797, 182.617188, 276.367188
-1005.126953, 169.921875, 223.632812
-949.951172, 79.589844, 223.632812
-926.513672, -26.611328, 229.980469
-980.224609, 54.687500, 173.828125
-1093.017578, 97.167969, 4.394531
-1095.458984, 55.175781, -121.337891
-1110.595703, 54.199219, -266.845703
-1056.884766, 157.714844, -514.892578
-1040.283203, 333.496094, -714.599609
-1053.466797, 126.953125, -578.369141
-,-,-
-1022.216797, 144.531250, 32.226562
-999.755859, 239.257812, 57.617188
-947.998047, 109.375000, 149.414062
-1072.998047, 125.976562, 340.820312
-1079.345703, 21.484375, 574.707031
-1049.072266, 23.437500, 657.226562
-1032.470703, 39.062500, 510.253906
-964.599609, 116.699219, 312.988281
-948.486328, 128.417969, 140.625000
-958.740234, 143.066406, -219.482422
-1054.931641, 131.347656, -512.451172
-1152.587891, 244.140625, -938.720703
-,-,-
-957.763672, 120.605469, 13.671875
-993.408203, 198.242188, 33.203125
-1018.798828, 83.007812, 143.554688
-1078.857422, 75.195312, 357.421875
-1040.283203, -28.564453, 475.585938
-922.607422, 22.460938, 528.320312
-959.716797, 65.429688, 464.355469
-966.552734, 127.929688, 361.816406
-997.314453, 157.226562, 123.046875
-1104.248047, 73.730469, -124.755859
-1140.869141, 145.996094, -376.708984
-1063.232422, 108.886719, -753.173828
-1014.404297, 216.796875, -760.498047
-859.619141, 133.300781, -629.150391
-,-,-
-898.681641, 96.679688, 72.265625
-1011.962891, 139.648438, 78.613281
-1046.630859, 111.328125, 189.453125
-1017.822266, 74.707031, 484.375000
-933.349609, 24.414062, 607.421875
-983.642578, -13.916016, 679.687500
-937.744141, -15.869141, 596.191406
-1015.869141, -48.583984, 358.398438
-1100.830078, 57.128906, 46.386719
-1131.103516, 111.328125, -342.529297
-1159.423828, 207.519531, -686.279297
-1136.474609, 208.496094, -783.447266
-1010.498047, 81.054688, -579.345703
-,-,-
-1109.130859, 104.980469, 136.718750
-982.177734, 111.328125, 222.656250
-958.740234, 9.277344, 359.375000
-924.072266, 59.082031, 406.250000
-1018.798828, 104.003906, 416.503906
-1043.701172, 101.074219, 458.007812
-1017.822266, -5.615234, 356.445312
-1054.931641, 104.003906, 15.625000
-1194.091797, 109.375000, -212.646484
-1186.767578, 31.738281, -553.955078
-1041.259766, 187.500000, -712.646484
-1060.302734, 223.144531, -850.341797
-,-,-
-1002.197266, 73.730469, -2.197266
-1006.591797, 123.535156, 39.062500
-1010.009766, 148.925781, 212.890625
-1029.052734, 44.433594, 433.593750
-981.201172, 98.144531, 561.523438
-1078.857422, 114.257812, 709.960938
-921.630859, 19.531250, 534.179688
-1014.892578, -25.146484, 337.402344
-1146.240234, 60.546875, -108.642578
-1112.548828, 148.925781, -543.212891
-1207.275391, 171.875000, -890.869141
-1114.013672, 268.554688, -959.228516
-,-,-
-1066.650391, 104.492188, -23.681641
-968.994141, 114.257812, -11.474609
-1042.236328, 120.605469, 160.156250
-1071.533203, 103.027344, 322.265625
-1090.087891, 51.757812, 523.925781
-1031.494141, 25.878906, 638.671875
-977.783203, -54.931641, 520.996094
-947.509766, 29.785156, 396.484375
-1047.119141, 32.226562, 189.453125
-1130.126953, 77.148438, -205.322266
-1076.416016, 152.343750, -530.029297
-1151.611328, 204.589844, -637.451172
-1101.318359, 373.046875, -731.201172
-,-,-
-985.107422, 133.789062, -7.568359
-1003.662109, 88.378906, 67.382812
-990.966797, 106.445312, 193.359375
-1037.841797, 143.554688, 403.320312
-1033.447266, 39.062500, 566.894531
-1083.740234, 48.828125, 606.445312
-1038.818359, 20.996094, 408.691406
-1152.587891, -6.591797, 157.714844
-1113.037109, 27.832031, -100.830078
-1030.029297, 68.359375, -446.044922
-1128.173828, 130.371094, -618.408203
-1036.376953, 175.292969, -729.736328
-947.021484, 150.390625, -542.236328
-,-,-
-976.806641, 113.769531, 13.671875
-953.369141, 120.117188, 61.523438
-1034.423828, 88.378906, 224.609375
-1025.634766, -15.380859, 422.851562
-1052.978516, -8.544922, 499.511719
-1030.517578, 40.527344, 505.859375
-1060.302734, -35.888672, 424.316406
-1071.044922, 37.109375, 294.433594
-1043.701172, 108.886719, 0.488281
-1204.833984, 185.546875, -278.076172
-1141.845703, 187.011719, -441.650391
-1061.279297, 231.933594, -617.431641
-,-,-
-927.490234, 3.906250, 151.855469
-838.623047, 61.035156, 270.507812
-984.619141, 36.132812, 571.777344
-981.689453, -115.478516, 840.332031
-1145.751953, -249.267578, 851.074219
-1076.904297, -85.693359, 511.230469
-1135.986328, 44.433594, -16.357422
-1024.658203, 169.921875, -145.263672
-920.654297, 183.593750, -342.529297
-999.755859, 7.812500, -375.732422
-1074.951172, -81.787109, -355.224609
-971.435547, 44.921875, -434.326172
-1097.900391, 102.050781, -413.818359
-,-,-
-1012.451172, -14.892578, 80.566406
-973.388672, 41.992188, 91.796875
-1034.423828, 5.859375, 264.648438
-1053.466797, 12.207031, 543.457031
-1142.822266, -73.486328, 648.925781
-1112.548828, -101.806641, 635.742188
-999.267578, -224.365234, 502.929688
-974.365234, -61.279297, 346.191406
-883.056641, -39.306641, -168.701172
-1096.435547, -1.708984, -580.322266
-996.337891, 17.578125, -581.787109
-945.556641, 83.496094, -833.251953
-1268.310547, -70.068359, -759.521484
-,-,-
-1060.302734, 144.042969, 146.484375
-959.716797, 95.703125, 297.851562
-1053.466797, 44.433594, 502.929688
-974.853516, -6.591797, 635.742188
-959.716797, -28.564453, 698.730469
-985.107422, -55.908203, 626.464844
-970.947266, -46.142578, 403.808594
-1041.259766, 138.671875, -57.373047
-1189.208984, 237.792969, -435.302734
-1095.947266, 449.218750, -814.208984
-,-,-
-1021.728516, 50.781250, 189.453125
-1035.400391, 104.003906, 232.421875
-1036.865234, 93.750000, 291.992188
-982.177734, 60.058594, 429.687500
-955.322266, -77.880859, 530.273438
-967.529297, 64.453125, 662.109375
-878.662109, 20.996094, 568.847656
-995.361328, 44.433594, 238.769531
-1127.197266, 31.738281, -165.771484
-1149.169922, 58.105469, -557.373047
-1083.740234, 577.636719, -770.263672
-1122.802734, 268.066406, -572.509766
-,-,-
-1031.982422, 135.742188, 115.234375
-1010.009766, 155.273438, 206.542969
-997.314453, 99.609375, 436.523438
-1074.462891, 133.300781, 530.273438
-1035.400391, 171.875000, 559.570312
-1028.076172, 125.976562, 446.777344
-1068.603516, 103.027344, 293.945312
-1021.240234, 10.253906, 49.316406
-991.943359, 158.203125, -387.451172
-895.751953, 533.203125, -915.283203
-1053.466797, 147.949219, -453.857422
-,-,-
-967.529297, 54.687500, -40.771484
-963.134766, 194.335938, -9.521484
-1033.447266, 148.925781, 79.101562
-1077.880859, 20.019531, 271.484375
-1023.193359, -55.908203, 414.550781
-1060.302734, -20.263672, 526.367188
-1042.236328, -17.822266, 458.496094
-1041.259766, -26.611328, 277.832031
-1096.923828, 12.207031, -13.427734
-1062.744141, 174.316406, -357.666016
-1166.748047, 318.359375, -721.923828
-,-,-
-1091.552734, 99.609375, -102.294922
-978.759766, 127.929688, -39.794922
-1130.615234, 47.851562, 154.785156
-1065.185547, -17.822266, 375.976562
-1070.068359, 4.882812, 544.433594
-1022.216797, -42.236328, 512.695312
-1053.466797, 40.039062, 473.144531
-1014.404297, -44.189453, 215.820312
-1024.658203, 2.929688, -102.783203
-983.154297, 17.089844, -488.037109
-1118.408203, 134.277344, -744.873047
-1041.259766, 267.089844, -885.009766
-,-,-
-1084.716797, 75.195312, 38.085938
-1043.212891, 80.078125, 55.175781
-1047.607422, 23.437500, 125.976562
-1124.267578, 9.277344, 271.484375
-1054.931641, 0.488281, 332.519531
-1059.814453, -1.220703, 397.460938
-1090.087891, -61.767578, 401.367188
-1050.048828, 138.671875, 290.039062
-1032.470703, -12.939453, -48.583984
-1097.412109, -34.912109, -349.365234
-1078.857422, 45.898438, -765.380859
-874.267578, 315.429688, -1103.271484
-,-,-
-1142.822266, 29.785156, 189.453125
-1115.478516, -19.287109, 199.218750
-986.083984, 35.156250, 144.531250
-1021.240234, 121.093750, 152.832031
-968.505859, -8.544922, 237.792969
-1054.931641, -18.798828, 196.289062
-1197.998047, -89.599609, 135.742188
-1138.916016, -80.810547, 97.656250
-1077.392578, 49.804688, -52.001953
-1069.580078, 30.273438, -324.951172
-1053.466797, 115.722656, -648.681641
-832.275391, 505.859375, -786.376953
-,-,-
-936.279297, 10.742188, 58.593750
-988.037109, 49.804688, -9.521484
-1003.662109, 81.054688, 50.292969
-1061.767578, 0.488281, 260.253906
-1096.923828, -34.423828, 418.457031
-1041.259766, -68.603516, 307.128906
-1074.462891, -47.607422, 293.945312
-1086.181641, -78.857422, 119.140625
-1145.263672, -88.623047, -27.587891
-1106.689453, 54.199219, -409.423828
-1091.552734, 141.601562, -721.435547
-900.146484, 431.152344, -929.931641
-,-,-
-1054.931641, 12.207031, 44.921875
-1074.951172, 80.078125, 132.812500
-1000.244141, -26.611328, 252.929688
-1082.763672, -46.630859, 337.402344
-1021.240234, -38.818359, 280.761719
-1026.611328, -2.685547, 234.863281
-1052.001953, -65.185547, 238.281250
-1099.853516, 34.179688, 161.621094
-1159.423828, -139.404297, 3.417969
-1056.884766, -157.958984, -661.865234
-966.552734, 261.230469, -831.298828
-,-,-
-1096.435547, 30.761719, 141.601562
-971.923828, 54.687500, 186.035156
-1145.263672, -72.509766, 400.390625
-1022.216797, -53.955078, 353.515625
-974.365234, -97.900391, 232.910156
-1079.833984, -218.994141, 132.324219
-1194.580078, -103.759766, -31.982422
-1181.884766, -73.486328, -210.693359
-1022.216797, 260.253906, -439.208984
-1055.419922, 151.367188, -596.435547
-1096.435547, 116.699219, -557.373047
-,-,-
-1045.654297, 159.179688, -83.251953
-928.955078, 105.468750, 27.832031
-1046.630859, 29.785156, 175.781250
-1039.794922, 21.484375, 168.945312
-1100.341797, 32.226562, 217.773438
-1130.126953, -19.287109, 225.585938
-1161.376953, 71.777344, 164.550781
-1129.150391, 39.062500, 40.039062
-1076.904297, 59.082031, -83.251953
-1030.029297, 122.070312, -255.615234
-862.060547, 167.480469, -590.576172
-800.537109, 462.890625, -827.392578
-,-,-
-1155.517578, 58.593750, -246.826172
-926.513672, 181.640625, -114.990234
-1077.880859, 32.226562, 134.765625
-1019.287109, 47.363281, 265.136719
-1139.404297, 18.554688, 313.476562
-1032.470703, 48.339844, 324.218750
-1043.701172, -2.197266, 272.460938
-1042.724609, 26.367188, 153.808594
-1002.197266, 4.882812, -94.970703
-1056.884766, 109.375000, -442.626953
-984.619141, 237.792969, -740.966797
-1030.029297, 469.238281, -920.654297
-,-,-
-972.412109, 211.914062, -86.669922
-964.111328, 103.027344, -149.658203
-1109.130859, 53.710938, -122.802734
-1150.634766, 1.953125, 89.843750
-1090.087891, -93.505859, 294.921875
-1108.154297, -61.767578, 346.679688
-971.435547, 16.113281, 245.117188
-909.912109, 40.039062, 104.980469
-1027.587891, 71.289062, -132.080078
-1124.755859, 53.710938, -149.169922
-1192.626953, 41.503906, -307.373047
-1096.923828, 218.261719, -539.306641
-1065.673828, 310.058594, -705.322266
-,-,-
-931.884766, 110.351562, -163.818359
-987.548828, 104.980469, -133.056641
-965.087891, 63.476562, -64.208984
-1008.544922, -27.587891, 38.085938
-1064.208984, 28.808594, 116.210938
-1109.130859, 51.269531, 159.179688
-1147.216797, -47.607422, 188.964844
-1130.126953, 28.808594, 220.703125
-1133.544922, 88.378906, -8.544922
-1165.283203, 84.472656, -14.404297
-1006.591797, 119.628906, -503.662109
-984.619141, 321.289062, -781.494141
-923.095703, 232.421875, -734.130859
-,-,-
-998.291016, 150.390625, -38.818359
-1049.072266, 57.617188, 31.250000
-1051.025391, 83.007812, 57.617188
-1004.638672, 63.476562, 98.632812
-1059.814453, 9.765625, 145.507812
-1028.564453, 5.859375, 180.175781
-1064.697266, 70.800781, 220.703125
-1083.251953, 12.207031, 163.574219
-1173.095703, -7.568359, -0.244141
-1078.369141, 82.031250, -199.951172
-996.826172, -7.568359, -470.947266
-1153.076172, 171.386719, -800.537109
-925.048828, 350.097656, -730.712891
-,-,-
-1011.962891, 164.550781, -64.208984
-1075.439453, 220.703125, -25.634766
-1027.587891, 151.855469, 134.765625
-1096.923828, 54.687500, 225.585938
-1023.193359, 30.273438, 214.843750
-1000.244141, 24.414062, 220.703125
-1079.345703, 77.148438, 140.625000
-1019.287109, 110.351562, 66.894531
-1046.630859, 47.851562, -23.193359
-1119.384766, 130.859375, -255.126953
-1096.435547, 160.644531, -300.537109
-1106.689453, 194.824219, -433.349609
-980.224609, 253.906250, -608.154297
-923.095703, 174.316406, -499.267578
-,-,-
-1020.751953, 141.601562, -50.048828
-1075.927734, 121.582031, -33.935547
-1063.232422, 68.359375, 116.210938
-1014.404297, 24.414062, 205.566406
-980.224609, 14.160156, 201.171875
-973.876953, 152.343750, 209.960938
-1048.583984, 111.328125, 190.917969
-1050.048828, 76.660156, 129.394531
-1176.513672, 41.992188, 43.945312
-1137.451172, 124.023438, -183.837891
-1116.455078, 125.976562, -497.314453
-1061.279297, 184.570312, -658.447266
-898.681641, 310.546875, -713.623047
-956.298828, 240.234375, -591.552734
-,-,-
-983.154297, 185.546875, 8.789062
-991.943359, 163.574219, 37.109375
-968.017578, 92.773438, 198.242188
-989.990234, 95.703125, 351.562500
-971.923828, 93.750000, 427.734375
-920.654297, 85.449219, 596.191406
-1042.236328, 15.625000, 625.488281
-1053.466797, -4.638672, 533.203125
-1106.689453, 45.898438, 372.558594
-1180.419922, -65.185547, 187.988281
-1124.755859, -11.474609, -119.873047
-1116.943359, 103.027344, -558.349609
-1109.130859, 204.589844, -792.724609
-,-,-
-1070.068359, 34.179688, 149.414062
-983.642578, 87.402344, 72.265625
-938.720703, 110.351562, 171.875000
-966.064453, 39.062500, 332.031250
-1030.029297, -66.162109, 502.929688
-1025.146484, -82.763672, 571.777344
-972.412109, -27.587891, 483.398438
-948.974609, 89.355469, 291.992188
-1052.978516, 115.234375, 193.359375
-1064.697266, 5.859375, -88.623047
-1105.712891, 67.382812, -261.962891
-1096.923828, -7.568359, -572.509766
-994.384766, 166.992188, -780.517578
-,-,-
-889.892578, 137.207031, 193.359375
-1020.751953, 157.226562, 249.023438
-1005.615234, 146.484375, 259.277344
-1031.982422, 92.285156, 328.125000
-1027.587891, 19.531250, 236.816406
-1044.189453, 75.683594, 194.335938
-1054.443359, 21.484375, 79.589844
-1056.884766, 87.402344, 124.511719
-1050.537109, 62.011719, 46.386719
-1068.115234, 40.527344, -58.349609
-1051.025391, 166.015625, -241.943359
-1013.427734, 222.167969, -680.419922
-,-,-
-939.697266, 153.320312, 24.902344
-984.130859, 116.699219, 15.625000
-1076.904297, 191.894531, 79.589844
-1003.662109, 115.234375, 213.867188
-1033.447266, 81.054688, 339.843750
-1086.669922, -6.591797, 369.140625
-1124.755859, 11.718750, 215.332031
-1071.044922, -10.009766, 65.429688
-1056.396484, -31.982422, 21.484375
-1067.626953, 73.242188, -174.072266
-1064.208984, 191.894531, -382.568359
-983.154297, 333.984375, -583.740234
-1079.345703, 101.074219, -468.017578
-,-,-
-1055.908203, 112.304688, 166.015625
-978.759766, 160.156250, 143.554688
-1063.720703, 126.464844, 190.429688
-1037.841797, 74.707031, 266.601562
-996.337891, 5.859375, 335.449219
-990.966797, 97.656250, 231.933594
-997.802734, 92.285156, 124.023438
-1052.490234, 108.398438, 125.488281
-1079.833984, 76.171875, 95.214844
-1121.337891, 34.667969, -84.716797
-1136.962891, 119.628906, -353.271484
-1100.341797, 138.183594, -357.177734
-1020.263672, 275.878906, -520.751953
-955.322266, 187.500000, -457.763672
-,-,-
-964.111328, 86.914062, 244.140625
-1090.087891, 70.800781, 166.015625
-979.736328, 149.902344, 201.171875
-981.201172, 72.753906, 233.886719
-1027.099609, 44.921875, 314.453125
-1076.416016, 14.648438, 322.265625
-1004.638672, 18.066406, 271.484375
-1009.033203, 0.488281, 155.761719
-1035.400391, 44.433594, 53.222656
-1058.837891, 36.621094, -30.517578
-1065.673828, 33.203125, -108.642578
-1066.162109, 116.210938, -118.896484
-1072.021484, 93.750000, -300.537109
-1047.119141, 222.167969, -428.466797
-,-,-
-981.201172, 211.914062, 72.265625
-916.748047, 134.277344, 83.007812
-1023.193359, 62.500000, 153.808594
-1070.068359, 46.875000, 132.812500
-1017.822266, 75.195312, 102.539062
-997.802734, 30.761719, 66.406250
-1105.712891, 43.945312, 73.730469
-1165.771484, 92.773438, 37.109375
-1165.771484, 61.523438, 1.464844
-1121.337891, 22.949219, -179.931641
-1119.384766, 169.921875, -289.306641
-891.845703, 205.566406, -396.728516
-916.748047, 342.773438, -539.306641
-,-,-
-966.552734, 68.359375, 100.585938
-931.396484, 163.574219, 194.335938
-1027.099609, 72.265625, 213.378906
-1031.494141, 21.484375, 304.687500
-987.060547, -72.509766, 291.503906
-1050.048828, -23.193359, 259.277344
-1040.283203, -12.939453, 84.472656
-1149.658203, 62.011719, -228.271484
-1122.314453, 48.828125, -305.908203
-1130.126953, 79.589844, -327.880859
-1049.072266, 125.000000, -357.177734
-1048.095703, 309.570312, -514.404297
-988.037109, 145.507812, -417.724609
-,-,-
-966.552734, 89.355469, -52.001953
-1039.794922, 75.195312, -72.998047
-1043.701172, 88.378906, -2.685547
-1027.587891, 41.992188, 19.042969
-1030.029297, 66.894531, 44.921875
-1045.654297, 20.019531, 142.578125
-1095.458984, -10.009766, 213.378906
-1063.232422, -28.564453, 268.554688
-1027.099609, 56.152344, 212.890625
-1062.744141, 71.777344, 13.671875
-1049.072266, 94.726562, -117.919922
-1023.681641, 49.804688, -245.849609
-1005.615234, 69.335938, -402.099609
-896.728516, 161.621094, -622.314453
-,-,-
-1043.701172, 124.511719, 52.734375
-1025.634766, 51.757812, 68.359375
-1120.849609, 22.949219, 117.187500
-1063.720703, -16.357422, 196.289062
-1071.533203, -0.244141, 207.519531
-1036.865234, 22.460938, 190.429688
-1065.185547, 5.371094, 196.289062
-1071.533203, 1.464844, 133.789062
-1107.666016, -51.513672, 70.800781
-1102.294922, -51.513672, -12.451172
-1010.009766, 65.429688, -146.240234
-1015.380859, 60.058594, -364.501953
-1007.568359, 121.582031, -431.396484
-993.408203, 188.964844, -500.732422
-,-,-
-1139.404297, 8.789062, 44.921875
-1002.685547, -39.794922, 198.242188
-994.384766, -0.732422, 301.269531
-1010.009766, -78.857422, 245.117188
-911.376953, 12.207031, 206.542969
-1038.818359, -21.240234, 174.316406
-1060.302734, 47.851562, -14.404297
-1174.560547, 17.089844, -114.501953
-1119.384766, 94.726562, -192.138672
-1067.138672, 102.050781, -255.126953
-1083.740234, 135.742188, -370.361328
-1037.841797, 209.960938, -468.017578
-993.408203, 126.953125, -452.880859
-1033.447266, 155.273438, -471.435547
-,-,-
-933.837891, 67.382812, 86.425781
-1011.474609, 67.382812, 141.601562
-1066.650391, 20.507812, 232.910156
-988.037109, 27.832031, 391.601562
-911.865234, -38.818359, 439.453125
-969.970703, 25.390625, 454.101562
-1010.986328, -34.912109, 449.707031
-1052.490234, -41.748047, 401.367188
-1102.783203, -86.669922, 309.082031
-1088.623047, 21.484375, 69.335938
-1051.513672, 4.394531, -179.443359
-995.361328, 45.898438, -385.986328
-854.248047, 88.378906, -697.509766
-956.298828, -59.326172, -573.486328
-1007.568359, -64.208984, -551.513672
-1097.900391, -181.396484, -606.201172
-,-,-
-994.873047, -6.591797, 147.460938
-1001.708984, 22.460938, 248.046875
-977.783203, 35.156250, 293.945312
-994.384766, -41.259766, 385.253906
-1066.650391, -91.552734, 407.714844
-1033.935547, -56.884766, 482.421875
-994.384766, -105.224609, 416.503906
-949.951172, -66.650391, 289.062500
-1011.474609, -75.927734, 125.488281
-1071.533203, -8.544922, -71.044922
-1103.271484, 7.812500, -304.443359
-1159.423828, -10.498047, -342.041016
-1074.462891, 155.273438, -390.869141
-1054.443359, 19.042969, -450.927734
-,-,-
-969.970703, 44.433594, 262.207031
-983.642578, -30.517578, 242.187500
-973.388672, 81.054688, 246.093750
-1032.958984, 26.367188, 312.011719
-1037.841797, -5.615234, 355.468750
-1087.158203, 4.882812, 450.195312
-971.923828, -40.771484, 426.757812
-983.154297, -12.939453, 346.679688
-1037.841797, -125.732422, 261.230469
-977.783203, -100.830078, 94.726562
-1025.634766, -36.865234, -10.498047
-1012.451172, -67.138672, -224.365234
-1151.611328, 23.437500, -219.482422
-1104.736328, 62.011719, -461.181641
-,-,-
-929.931641, 49.804688, 132.812500
-1005.126953, -3.173828, 186.035156
-989.990234, -14.404297, 255.859375
-1052.490234, -88.134766, 403.320312
-1052.490234, -62.255859, 357.421875
-1053.466797, -72.509766, 328.125000
-1033.447266, -85.205078, 222.656250
-1028.076172, -90.576172, 184.570312
-1104.736328, -67.138672, 71.289062
-1033.447266, -122.802734, 0.488281
-1056.396484, -47.119141, -192.138672
-1027.587891, 85.449219, -238.525391
-992.919922, 108.398438, -462.646484
-991.943359, 130.859375, -484.130859
-1031.005859, 104.980469, -447.021484
-,-,-
-1049.072266, -3.173828, 280.761719
-981.689453, 76.171875, 191.406250
-996.826172, 10.253906, 189.453125
-1072.021484, 2.441406, 212.890625
-1015.380859, 7.812500, 203.613281
-1024.658203, -18.310547, 227.539062
-1047.607422, -2.197266, 249.023438
-1028.564453, 4.394531, 200.195312
-1061.767578, -15.869141, 109.375000
-1081.298828, -17.333984, 21.972656
-1014.404297, -21.728516, -17.333984
-976.318359, -10.986328, -184.814453
-1048.583984, 38.574219, -392.333984
-1075.927734, 121.582031, -541.259766
-954.345703, 61.035156, -486.083984
-,-,-
-911.865234, 15.625000, 268.554688
-998.779297, -99.853516, 315.917969
-1012.939453, -17.333984, 275.878906
-1051.025391, -24.169922, 262.695312
-1094.970703, -26.611328, 259.277344
-1142.333984, -38.818359, 234.863281
-1054.931641, -9.521484, 162.109375
-1027.587891, -44.189453, 187.500000
-1063.232422, -97.412109, 134.765625
-1079.833984, -27.587891, -68.603516
-1042.236328, 75.195312, -251.708984
-985.595703, 164.062500, -419.189453
-972.900391, 184.570312, -425.537109
-,-,-
-1113.525391, 42.968750, 159.179688
-952.392578, 21.484375, 234.863281
-1098.876953, -24.169922, 281.738281
-1022.216797, -101.806641, 351.562500
-995.849609, 10.253906, 304.199219
-1039.306641, 48.339844, 174.804688
-939.697266, 59.082031, 120.117188
-1038.818359, -3.173828, 104.980469
-1144.775391, -178.466797, 80.566406
-1049.072266, -112.548828, -23.681641
-1087.158203, 43.457031, -128.173828
-1075.439453, 45.898438, -283.447266
-1142.333984, 146.972656, -368.896484
-1076.416016, 46.386719, -262.939453
-,-,-
-968.505859, -3.173828, 201.660156
-1034.423828, 10.742188, 118.164062
-971.923828, -41.259766, 143.554688
-939.697266, 30.273438, 210.937500
-1003.662109, 3.906250, 226.562500
-1033.447266, -85.205078, 230.957031
-1082.275391, -145.751953, 259.277344
-1084.716797, -105.224609, 252.441406
-1107.666016, -52.490234, 115.234375
-1092.041016, 96.679688, 114.257812
-1074.462891, 16.113281, -17.333984
-1086.669922, -101.806641, -222.412109
-1065.673828, -4.638672, -581.787109
-908.935547, 89.843750, -678.466797
-,-,-
-1006.591797, 29.785156, 52.246094
-932.373047, 22.460938, 111.328125
-1027.099609, 62.500000, 158.203125
-998.779297, 24.414062, 242.187500
-986.572266, 32.714844, 384.765625
-1048.583984, -45.166016, 437.011719
-1114.013672, 9.277344, 457.031250
-1083.251953, -162.353516, 376.953125
-1091.552734, -116.455078, 253.417969
-1011.962891, 0.488281, -147.216797
-1068.603516, -74.951172, -353.759766
-982.177734, 18.066406, -553.955078
-989.013672, 63.964844, -687.255859
-1025.634766, 200.195312, -626.708984
-,-,-
-967.529297, 49.804688, 46.386719
-1022.216797, 80.078125, 76.171875
-978.271484, 65.429688, 83.984375
-1029.052734, 46.386719, 170.898438
-1034.423828, 26.367188, 343.750000
-1081.298828, 1.953125, 477.539062
-1051.513672, -19.287109, 431.640625
-1055.419922, 18.066406, 407.714844
-1011.474609, -76.416016, 228.027344
-1142.333984, -109.130859, -45.654297
-1102.294922, -165.283203, -322.021484
-1021.240234, 29.785156, -580.322266
-951.416016, 362.304688, -768.310547
-1055.419922, 26.855469, -622.314453
-,-,-
-977.294922, 72.753906, 122.558594
-1042.724609, 42.968750, 202.148438
-1034.912109, 65.429688, 379.882812
-1027.099609, -25.634766, 574.218750
-1048.095703, -105.224609, 691.406250
-1093.505859, -203.369141, 660.156250
-968.017578, 36.132812, 198.730469
-1145.751953, 62.988281, -94.970703
-1096.923828, 2.441406, -213.623047
-989.013672, -119.384766, -294.677734
-965.576172, 96.679688, -522.705078
-1057.861328, 95.703125, -568.115234
-,-,-
-972.900391, -16.845703, 210.449219
-994.384766, -71.533203, 468.750000
-964.111328, -59.326172, 541.992188
-873.291016, -180.419922, 545.410156
-1044.189453, 1.464844, 435.546875
-1083.740234, 43.457031, 319.335938
-1053.466797, 71.777344, 217.773438
-1123.779297, 84.472656, 155.761719
-1065.673828, 109.375000, 26.855469
-1002.197266, 44.433594, -112.548828
-982.666016, 40.039062, -364.501953
-920.654297, 191.894531, -567.626953
-,-,-
-978.759766, 162.597656, 10.742188
-935.302734, 53.710938, 149.414062
-982.177734, 74.707031, 351.562500
-977.294922, 96.679688, 533.203125
-977.294922, -63.232422, 619.140625
-1041.259766, -12.939453, 540.527344
-978.759766, 38.085938, 405.273438
-1019.287109, -136.474609, 281.738281
-1112.060547, 17.578125, -76.416016
-1156.005859, 74.707031, -383.544922
-953.369141, 184.570312, -727.783203
-,-,-
-966.552734, 60.058594, 101.074219
-1015.380859, -60.302734, 153.320312
-916.748047, -0.732422, 269.531250
-1075.927734, -94.482422, 404.296875
-1003.173828, -103.271484, 464.355469
-1102.294922, -99.365234, 594.238281
-992.919922, -54.931641, 415.527344
-1090.087891, -15.380859, 250.488281
-1037.841797, 29.785156, 21.972656
-1110.107422, -106.201172, -189.208984
-1158.935547, 15.625000, -535.400391
-1046.142578, 130.859375, -664.794922
-,-,-
-1076.904297, 24.414062, 216.308594
-947.021484, 61.523438, 133.789062
-1024.169922, 79.101562, 237.304688
-1051.513672, 62.500000, 327.148438
-1013.427734, -8.544922, 430.664062
-988.037109, -10.009766, 475.585938
-1025.634766, -156.982422, 491.699219
-965.087891, 41.992188, 440.917969
-971.923828, 42.480469, 298.828125
-1005.615234, 4.394531, 83.496094
-1024.658203, -24.169922, -234.619141
-1147.216797, 18.554688, -485.595703
-1039.794922, 271.972656, -765.380859
-1098.388672, 146.972656, -666.748047
-,-,-
-1019.775391, 12.695312, 149.414062
-982.177734, 55.664062, 162.109375
-1030.029297, 24.902344, 288.085938
-1071.533203, -57.861328, 451.171875
-1050.048828, -122.802734, 482.421875
-1017.822266, -80.810547, 453.125000
-956.787109, -36.865234, 337.402344
-968.994141, -14.892578, 214.355469
-1021.240234, -63.232422, 74.218750
-1041.259766, -83.251953, -236.572266
-1022.216797, 94.238281, -357.666016
-1060.302734, 133.300781, -726.806641
-,-,-
-911.865234, 52.734375, 274.414062
-971.923828, -16.357422, 284.667969
-936.767578, 2.929688, 378.906250
-999.755859, -98.876953, 426.757812
-984.130859, -103.759766, 383.789062
-1051.025391, -117.431641, 281.738281
-1136.962891, -78.857422, 229.980469
-1135.009766, -96.923828, 218.261719
-1137.939453, -153.076172, 108.398438
-1198.486328, -109.130859, -134.033203
-1078.857422, 45.898438, -357.177734
-867.431641, 237.792969, -516.845703
-836.181641, 175.292969, -432.373047
-,-,-
-854.248047, 104.003906, 73.242188
-934.326172, -25.146484, 117.187500
-993.408203, 1.464844, 189.453125
-1126.708984, -61.279297, 320.312500
-1104.248047, -16.845703, 291.015625
-1049.072266, 5.859375, 229.980469
-1056.884766, -48.095703, 117.187500
-1097.900391, 8.789062, 88.867188
-1164.794922, -132.568359, -2.197266
-1115.966797, 55.175781, -112.060547
-1017.333984, 130.371094, -211.181641
-995.849609, 126.953125, -134.033203
-927.978516, 224.121094, -399.169922
-,-,-
-992.919922, 158.691406, 54.687500
-1036.865234, 127.929688, 95.703125
-1003.662109, 103.515625, 238.281250
-955.322266, 96.679688, 375.976562
-984.619141, 20.507812, 491.210938
-917.724609, -0.732422, 573.730469
-970.947266, -3.662109, 537.597656
-1023.193359, -9.521484, 456.054688
-1148.193359, -223.388672, 211.914062
-1113.525391, -127.197266, -13.427734
-1048.583984, -12.939453, -363.525391
-1013.916016, 265.136719, -579.345703
-1006.591797, 110.351562, -567.138672
-,-,-
-1054.931641, 7.812500, 243.164062
-989.990234, 22.460938, 266.601562
-1030.517578, -0.732422, 282.714844
-928.466797, 3.906250, 456.054688
-914.306641, -42.724609, 520.019531
-983.154297, -115.966797, 505.859375
-1011.962891, -178.466797, 467.285156
-1052.978516, -155.517578, 347.656250
-1074.462891, -197.998047, 175.292969
-1047.607422, -11.962891, -225.830078
-1153.564453, 26.367188, -504.638672
-1112.548828, 232.910156, -851.806641
-1116.943359, 152.343750, -658.447266
-,-,-
-1029.052734, 1.953125, 168.945312
-1012.451172, -43.212891, 165.039062
-964.599609, 37.109375, 218.750000
-1002.685547, -26.123047, 346.679688
-993.896484, -46.630859, 487.304688
-984.619141, -97.900391, 576.171875
-979.736328, -191.650391, 589.355469
-1001.220703, -183.349609, 568.847656
-1085.693359, -110.595703, 241.210938
-1145.751953, -102.783203, -273.193359
-1108.154297, -12.939453, -683.837891
-1069.580078, 115.722656, -799.072266
-973.876953, 123.046875, -719.482422
-1045.654297, 20.507812, -466.064453
-,-,-
-1090.576172, 9.765625, 213.867188
-977.294922, -14.892578, 289.062500
-990.966797, -22.216797, 410.156250
-1022.216797, -110.107422, 457.031250
-993.408203, -137.451172, 505.859375
-969.970703, -104.736328, 390.625000
-931.396484, -82.763672, 250.976562
-988.037109, -81.787109, 93.750000
-1032.470703, -34.423828, -70.068359
-1080.322266, 10.742188, -332.275391
-1103.271484, 100.585938, -499.755859
-1026.123047, 245.605469, -568.115234
-,-,-
-944.580078, -24.169922, 287.597656
-976.806641, 44.921875, 260.253906
-1017.822266, 43.945312, 312.011719
-1018.798828, -23.193359, 480.468750
-983.154297, -14.404297, 500.976562
-983.154297, -110.595703, 371.093750
-1021.240234, -79.833984, 269.531250
-1040.283203, -195.068359, 153.808594
-1168.212891, -112.060547, -80.322266
-1094.970703, -54.443359, -243.408203
-1044.677734, 71.289062, -396.728516
-1042.724609, 192.871094, -502.685547
-,-,-
-1017.822266, 83.007812, 274.414062
-970.947266, -59.326172, 333.007812
-991.943359, 18.066406, 355.468750
-1007.568359, -5.615234, 389.160156
-983.154297, -58.837891, 435.058594
-993.408203, -68.115234, 392.089844
-1023.193359, -74.462891, 320.312500
-1032.470703, -152.099609, 116.210938
-1154.052734, -48.583984, -169.677734
-1100.341797, -32.470703, -393.798828
-1091.064453, 84.472656, -539.306641
-997.802734, 224.609375, -598.876953
-,-,-
-1005.615234, -30.517578, 291.992188
-937.255859, 113.769531, 257.324219
-996.826172, 90.332031, 273.437500
-1004.150391, 87.402344, 313.964844
-1008.056641, -125.732422, 392.578125
-1107.177734, -92.529297, 369.628906
-1105.712891, -77.880859, 244.140625
-1077.880859, -23.681641, 211.425781
-1042.236328, -34.423828, 58.105469
-1026.611328, 64.941406, -281.494141
-1001.220703, 90.820312, -354.248047
-900.146484, 231.933594, -493.408203
-,-,-
-1021.240234, 13.671875, 191.406250
-1036.376953, -5.615234, 220.703125
-963.134766, -22.216797, 257.324219
-994.384766, 16.601562, 293.945312
-1047.119141, 62.011719, 255.371094
-1008.544922, -10.009766, 315.429688
-1047.607422, 25.390625, 319.824219
-1044.677734, -52.978516, 222.656250
-1002.197266, -26.123047, 164.062500
-1080.322266, 29.785156, 55.175781
-1009.033203, 23.925781, -248.779297
-1030.517578, 108.886719, -298.583984
-1006.591797, 312.500000, -454.833984
-,-,-
-1062.744141, 19.531250, 141.601562
-978.759766, 31.738281, 129.394531
-1037.841797, 9.277344, 243.164062
-1035.888672, 61.523438, 296.875000
-1009.521484, 16.113281, 321.289062
-1044.677734, 39.062500, 355.468750
-1063.232422, -39.306641, 258.300781
-1054.443359, -22.216797, 263.183594
-990.966797, -20.263672, 174.316406
-1037.841797, 2.929688, 28.320312
-1037.353516, -12.939453, -178.955078
-1007.568359, 109.375000, -340.576172
-999.755859, 109.375000, -521.240234
-995.849609, 132.324219, -569.091797
-,-,-
-1034.912109, 24.414062, 248.535156
-937.744141, 30.273438, 222.656250
-1012.451172, 104.003906, 273.437500
-1018.798828, -5.615234, 357.421875
-1005.615234, -66.162109, 377.929688
-995.361328, -52.490234, 354.492188
-972.900391, -82.275391, 275.390625
-987.060547, -19.287109, 189.941406
-1062.744141, -132.080078, 71.289062
-1104.736328, -51.513672, -62.255859
-1099.365234, 71.777344, -265.869141
-1177.001953, 21.484375, -273.193359
-1110.595703, 97.167969, -411.376953
-1046.630859, 268.554688, -488.037109
-,-,-
-1019.775391, 93.750000, 73.730469
-1031.005859, 31.738281, 98.144531
-999.755859, 41.503906, 236.816406
-1018.798828, 49.804688, 267.578125
-1032.470703, -0.244141, 289.550781
-976.806641, 32.226562, 294.921875
-1018.798828, 45.410156, 287.597656
-1076.416016, -61.767578, 122.070312
-1155.517578, -76.904297, -69.091797
-1105.712891, -11.962891, -202.880859
-1048.095703, 167.968750, -449.951172
-950.927734, 113.769531, -485.595703
-968.994141, 104.492188, -384.521484
-983.154297, 63.476562, -316.162109
-,-,-
-1028.076172, 50.781250, 166.015625
-1076.904297, 57.617188, 288.574219
-1087.158203, 14.160156, 366.699219
-1038.330078, -72.509766, 408.203125
-941.162109, -31.982422, 312.011719
-1006.591797, -40.283203, 238.281250
-957.763672, 64.453125, 211.914062
-1015.869141, 93.750000, 225.585938
-1103.271484, 21.484375, 114.257812
-1152.587891, -40.771484, -220.458984
-1084.716797, -16.845703, -384.033203
-1013.427734, 103.027344, -484.130859
-1038.330078, 174.316406, -489.990234
-,-,-
-869.873047, 85.937500, 113.281250
-1015.869141, 104.003906, 147.460938
-997.802734, 71.777344, 190.429688
-1072.021484, -27.099609, 331.054688
-1040.283203, -47.119141, 388.183594
-1028.564453, -31.982422, 310.058594
-1056.396484, 18.554688, 266.601562
-1047.119141, -78.857422, 158.691406
-1067.138672, -62.255859, 46.386719
-1037.841797, 19.531250, -47.607422
-905.517578, 41.503906, -307.861328
-1087.158203, -4.150391, -547.119141
-1109.130859, 123.535156, -682.373047
-,-,-
-978.759766, 48.828125, 234.863281
-1071.533203, 26.855469, 233.886719
-989.990234, 17.089844, 344.726562
-983.154297, 88.378906, 354.492188
-1011.474609, 7.812500, 383.300781
-971.923828, -28.564453, 368.164062
-1000.244141, 54.687500, 327.148438
-964.599609, 38.574219, 254.394531
-1058.837891, -17.333984, 169.921875
-1105.224609, -9.521484, 60.546875
-1138.916016, 29.785156, -97.900391
-1104.736328, 34.179688, -208.251953
-1104.248047, 96.679688, -396.240234
-1104.248047, 83.496094, -471.435547
-1002.685547, 164.062500, -458.740234
-,-,-
-1072.509766, 48.828125, 209.472656
-1057.861328, 54.687500, 232.421875
-1049.072266, -18.798828, 241.210938
-1080.322266, 4.882812, 274.902344
-1031.005859, 17.578125, 188.476562
-1032.470703, 108.398438, 248.046875
-1062.255859, 5.859375, 164.062500
-1079.345703, -12.939453, 228.515625
-1087.158203, 15.136719, 144.531250
-992.431641, 33.691406, -40.771484
-976.806641, 14.160156, -320.068359
-1029.052734, 10.742188, -468.994141
-1064.697266, 203.613281, -662.841797
-,-,-
-1000.732422, 25.390625, 182.128906
-1029.052734, 36.132812, 192.382812
-1054.443359, 25.390625, 186.523438
-1014.404297, 13.671875, 188.476562
-1049.560547, -8.544922, 242.187500
-1080.322266, 3.417969, 237.792969
-1034.912109, 36.132812, 230.957031
-997.802734, 70.800781, 166.992188
-948.974609, 14.160156, 139.648438
-986.572266, 2.441406, 85.937500
-971.923828, -44.189453, 16.113281
-1002.197266, 46.386719, -38.818359
-1114.013672, 80.078125, -183.837891
-1146.240234, 83.984375, -381.103516
-1160.888672, 330.078125, -499.267578
-,-,-
-988.525391, 54.687500, 79.101562
-1001.220703, -35.888672, 83.007812
-1023.193359, 16.113281, 119.140625
-1000.244141, 26.367188, 209.960938
-1028.076172, -55.419922, 223.632812
-1074.462891, -12.939453, 236.328125
-1084.716797, -81.787109, 211.425781
-1061.279297, -84.228516, 122.070312
-1049.072266, -49.072266, 89.355469
-1053.466797, -53.466797, -35.888672
-1030.029297, -9.521484, -194.091797
-1074.951172, 19.042969, -345.947266
-1045.654297, 91.308594, -441.650391
-1020.263672, 235.839844, -606.201172
-,-,-
-995.361328, 45.898438, 154.785156
-975.341797, 64.453125, 181.152344
-972.412109, 33.203125, 168.945312
-1009.033203, -43.212891, 154.785156
-1012.451172, -52.978516, 166.015625
-982.177734, -82.763672, 174.316406
-1050.048828, -59.326172, 173.828125
-1065.673828, 57.128906, 111.328125
-1131.591797, -13.916016, 89.843750
-1144.775391, 13.183594, 30.761719
-1099.853516, -22.216797, 3.417969
-1092.529297, -53.466797, -166.259766
-944.091797, 58.105469, -405.029297
-901.123047, 205.566406, -513.916016
-896.240234, 211.914062, -417.724609
-,-,-
-1065.185547, -0.244141, 138.671875
-939.697266, 6.835938, 137.695312
-1059.814453, 123.046875, 197.265625
-1026.123047, 25.390625, 206.542969
-1044.677734, -26.123047, 329.101562
-1058.837891, -39.794922, 328.125000
-972.412109, 36.132812, 310.058594
-957.275391, -31.005859, 247.070312
-976.318359, -32.470703, 189.453125
-1099.853516, -3.173828, 202.636719
-1202.880859, -53.955078, 126.464844
-1181.396484, -207.763672, -394.287109
-907.470703, 398.437500, -954.345703
-,-,-
-1069.091797, 10.742188, 96.679688
-994.384766, 27.832031, 89.843750
-1012.939453, 59.082031, 131.835938
-1012.451172, 24.414062, 129.882812
-1031.982422, -6.591797, 165.039062
-1072.998047, -1.220703, 201.171875
-1050.048828, -14.404297, 196.289062
-1076.904297, -8.544922, 150.878906
-1040.771484, 0.488281, 89.843750
-1050.537109, 16.113281, -29.541016
-1033.935547, 13.183594, -209.228516
-1057.373047, 87.402344, -375.732422
-987.060547, 189.941406, -643.310547
-,-,-
-966.552734, 71.289062, 113.281250
-1038.330078, 41.015625, 135.742188
-958.740234, 122.558594, 134.765625
-1028.076172, 73.242188, 127.441406
-1090.087891, 80.078125, 167.968750
-1107.666016, 7.812500, 188.476562
-1110.595703, -26.611328, 163.085938
-1031.494141, 32.226562, 50.292969
-1016.357422, 33.203125, -13.427734
-1025.634766, 12.695312, -39.794922
-1012.451172, 2.929688, -129.150391
-985.595703, 62.500000, -263.427734
-1011.474609, 79.101562, -403.076172
-1006.591797, 191.894531, -484.619141
-,-,-
-1035.888672, 119.628906, 185.058594
-1021.240234, 0.000000, 143.554688
-1119.873047, 50.781250, 134.277344
-1025.634766, -68.115234, 197.265625
-994.873047, -33.447266, 150.878906
-1062.255859, 18.066406, 87.890625
-996.826172, 63.476562, 77.636719
-1033.935547, 70.312500, -24.658203
-1115.966797, -76.416016, -150.146484
-1089.111328, -65.185547, -242.919922
-972.900391, 46.386719, -347.412109
-935.302734, 230.468750, -483.154297
-,-,-
-1046.630859, 44.433594, 64.453125
-1032.958984, 35.156250, 79.589844
-1058.837891, 111.328125, 142.578125
-1063.232422, 63.964844, 198.242188
-971.923828, 29.785156, 232.910156
-997.314453, 30.761719, 244.140625
-1056.884766, -55.419922, 249.023438
-1063.232422, -56.884766, 166.992188
-1108.154297, -55.419922, 78.613281
-1056.884766, -52.490234, -161.865234
-1030.029297, 183.593750, -248.779297
-1044.189453, 143.554688, -385.986328
-980.712891, 194.824219, -491.455078
-987.060547, 186.523438, -518.310547
-971.435547, 128.906250, -455.810547
-,-,-
-988.037109, 148.437500, 83.984375
-954.345703, -2.197266, 102.050781
-972.412109, 62.500000, 94.726562
-1002.197266, 7.812500, 93.750000
-1040.283203, 34.179688, 132.324219
-1062.255859, 38.085938, 134.765625
-1096.435547, 38.085938, 102.050781
-1115.966797, 95.703125, 147.949219
-1132.568359, 96.679688, 43.457031
-1090.087891, 70.800781, 37.109375
-1061.767578, 60.058594, -151.611328
-1025.146484, 34.179688, -214.599609
-966.552734, 32.714844, -234.619141
-926.513672, 6.835938, -421.630859
-915.771484, 231.933594, -480.224609
-,-,-
-1091.552734, 26.367188, 90.820312
-1047.607422, 47.363281, 79.101562
-1044.677734, 31.250000, 82.519531
-1068.603516, 53.710938, 118.164062
-1000.244141, 47.851562, 151.367188
-996.337891, 50.781250, 156.738281
-1023.193359, 57.128906, 141.601562
-983.154297, 87.890625, 141.601562
-984.619141, 108.886719, 137.695312
-1002.685547, 25.390625, 79.589844
-1057.861328, 47.851562, -86.669922
-1029.052734, 56.152344, -313.720703
-1022.216797, 131.347656, -427.001953
-988.037109, 225.585938, -459.716797
-,-,-
-993.408203, 33.203125, 111.328125
-1077.880859, 37.109375, 43.945312
-996.337891, 64.453125, -17.333984
-1004.150391, 89.843750, 25.878906
-1062.255859, 25.390625, 56.640625
-1019.775391, 50.781250, 83.007812
-1072.021484, 16.601562, 88.867188
-977.783203, 74.707031, 88.867188
-1004.150391, 87.402344, 118.164062
-1054.931641, 115.722656, 161.132812
-1056.884766, 85.449219, 148.437500
-1135.009766, 9.277344, 87.890625
-1103.759766, 24.902344, 55.175781
-1040.283203, -6.591797, -109.619141
-987.548828, 161.621094, -532.958984
-1039.794922, 287.597656, -621.826172
-,-,-
-978.759766, 102.050781, 129.394531
-990.966797, 46.875000, 133.789062
-1046.630859, 115.234375, 16.601562
-1023.193359, 130.371094, -12.451172
-1065.185547, 76.660156, 64.453125
-1014.404297, 87.402344, 123.535156
-1010.986328, 21.484375, 84.960938
-1033.447266, 88.378906, 98.144531
-988.037109, 112.304688, 89.843750
-1031.005859, 123.046875, 83.496094
-1043.212891, 54.687500, 54.199219
-1049.560547, 29.785156, -18.310547
-1041.259766, 13.183594, -225.830078
-994.873047, 114.257812, -387.451172
-947.998047, 234.863281, -501.220703
-,-,-
-1076.904297, 90.820312, 157.714844
-1002.685547, 69.335938, 184.570312
-986.083984, 90.820312, 203.125000
-1023.193359, 83.984375, 220.703125
-1045.654297, 3.906250, 254.882812
-1034.423828, -24.658203, 233.886719
-1044.677734, 8.789062, 178.222656
-1036.865234, -13.916016, 130.371094
-1057.861328, 37.109375, 34.179688
-1119.873047, 18.554688, -36.865234
-1084.716797, 69.824219, -179.443359
-1049.072266, 182.128906, -267.822266
-1038.330078, 164.062500, -392.333984
-,-,-
-884.521484, 98.632812, -13.427734
-1130.126953, 107.421875, 59.570312
-964.599609, 103.027344, 65.429688
-1036.376953, -6.591797, 69.824219
-1013.427734, 19.042969, 124.511719
-1023.193359, 57.617188, 134.277344
-1134.521484, 111.816406, 153.808594
-1189.208984, 62.988281, 98.632812
-1149.169922, 83.496094, 177.246094
-1078.857422, 73.730469, 3.417969
-1032.958984, 57.128906, -64.208984
-1020.263672, 68.359375, -173.095703
-964.599609, 52.734375, -269.287109
-927.978516, 183.593750, -458.740234
-,-,-
-1003.662109, 64.453125, 76.660156
-1044.189453, 81.054688, 106.933594
-1028.564453, 37.109375, 171.875000
-1015.869141, 55.664062, 255.371094
-1010.498047, 55.664062, 281.250000
-1019.775391, 92.773438, 262.207031
-1051.025391, 11.230469, 163.574219
-1140.869141, 27.832031, 100.097656
-1052.490234, 28.808594, -89.599609
-972.900391, 77.148438, -279.541016
-950.927734, 163.574219, -362.548828
-911.865234, 112.792969, -395.751953
-1002.197266, 119.628906, -385.498047
-,-,-
-1016.357422, 104.003906, -18.310547
-979.248047, 129.882812, -31.494141
-965.576172, 68.359375, 44.921875
-1018.798828, 85.449219, 139.648438
-1045.654297, -3.662109, 243.164062
-1058.837891, 23.925781, 388.183594
-1061.279297, 14.160156, 375.000000
-985.595703, 80.078125, 302.734375
-943.115234, 117.675781, 218.750000
-992.919922, 132.812500, 119.628906
-977.783203, 90.332031, -88.623047
-1064.208984, 145.996094, -231.689453
-1024.658203, 181.640625, -469.970703
-960.693359, 324.707031, -561.279297
-,-,-
-1040.283203, 129.882812, 175.781250
-1068.603516, 106.445312, 163.085938
-1041.259766, 46.386719, 221.679688
-1062.255859, 81.542969, 283.691406
-929.931641, 77.636719, 242.187500
-967.529297, 100.585938, 207.519531
-1048.095703, 10.253906, 218.750000
-1066.650391, 24.414062, 145.996094
-1088.134766, 34.179688, 46.875000
-1052.490234, 56.152344, -119.873047
-1018.798828, 178.222656, -330.810547
-976.318359, 444.335938, -733.154297
-,-,-
-1002.685547, 153.320312, 126.464844
-1025.634766, 40.039062, 140.625000
-1012.451172, 94.726562, 190.429688
-993.408203, 81.054688, 251.953125
-1038.818359, 34.179688, 286.132812
-1010.498047, 40.039062, 263.671875
-1050.048828, 41.992188, 218.750000
-987.060547, 97.656250, 143.554688
-1057.373047, 32.714844, 48.339844
-1057.373047, 33.203125, -38.818359
-1075.439453, 104.003906, -119.873047
-1034.912109, 177.246094, -226.318359
-1014.404297, 159.179688, -263.916016
-1082.275391, 204.589844, -344.482422
-1021.240234, 271.484375, -325.927734
-,-,-
-990.966797, 130.859375, 159.179688
-988.037109, 179.199219, 140.625000
-1063.232422, 111.816406, 225.585938
-1062.255859, 22.460938, 253.906250
-1047.119141, 9.765625, 246.093750
-1035.400391, 77.148438, 215.820312
-988.037109, 74.707031, 145.507812
-985.595703, 81.054688, 127.441406
-1005.615234, 70.800781, 73.730469
-1023.193359, 35.156250, 40.039062
-1129.150391, 48.828125, -92.529297
-1074.951172, 6.835938, -173.095703
-1026.611328, 138.671875, -323.974609
-931.884766, 394.042969, -425.537109
-,-,-
-1145.751953, 147.949219, 36.132812
-1038.330078, 112.304688, 120.117188
-1103.271484, 22.460938, 215.820312
-1056.396484, 16.601562, 257.324219
-1005.615234, 4.394531, 308.105469
-1013.427734, 55.664062, 273.437500
-1069.091797, -9.033203, 202.148438
-975.341797, 40.039062, 84.960938
-1003.662109, 204.589844, -145.263672
-1049.072266, 136.718750, -289.306641
-1010.009766, 116.210938, -467.041016
-1052.001953, 164.062500, -491.943359
-,-,-
-1071.533203, 71.777344, 129.394531
-1035.888672, 3.906250, 226.562500
-1020.263672, 66.406250, 225.585938
-1053.466797, -68.115234, 255.371094
-1045.654297, 62.500000, 240.722656
-1025.634766, 42.480469, 169.921875
-1024.658203, 66.406250, 69.335938
-1024.169922, 201.171875, -35.888672
-1062.255859, 123.046875, -174.072266
-968.017578, 110.351562, -415.283203
-898.681641, 246.093750, -634.033203
-,-,-
-1043.212891, 28.320312, 26.367188
-1038.330078, 63.964844, 61.523438
-1056.396484, 16.113281, 174.804688
-987.548828, 58.105469, 170.898438
-1008.056641, 84.960938, 278.320312
-1008.056641, 24.414062, 380.859375
-1075.927734, -63.232422, 357.421875
-1042.236328, 21.972656, 157.714844
-1041.259766, 82.031250, -95.458984
-997.802734, 130.371094, -492.431641
-925.048828, 193.847656, -829.833984
-962.158203, 115.234375, -771.240234
-,-,-
-994.384766, 99.609375, -5.615234
-998.779297, 110.351562, -23.681641
-1013.427734, 73.242188, 69.335938
-976.806641, 83.007812, 240.234375
-1052.490234, 15.136719, 510.742188
-1088.134766, -68.603516, 641.601562
-1049.072266, -46.630859, 695.312500
-1026.123047, -100.341797, 409.179688
-955.322266, 104.003906, 145.507812
-1012.451172, 51.757812, -235.595703
-971.435547, 340.332031, -563.232422
-1052.978516, 254.882812, -902.099609
-1057.373047, 145.507812, -786.376953
-,-,-
-1102.294922, 52.734375, 213.867188
-980.224609, 46.386719, 235.839844
-1102.294922, 1.464844, 316.406250
-1107.666016, -55.419922, 410.644531
-981.201172, -122.802734, 547.851562
-988.037109, 19.531250, 495.605469
-1020.751953, 0.488281, 425.781250
-1003.662109, -46.142578, 261.718750
-1024.169922, -52.001953, -39.794922
-1026.123047, 212.890625, -624.267578
-1083.740234, 372.558594, -845.458984
-1107.666016, 134.765625, -712.646484
-,-,-
-1025.634766, 38.085938, -6.103516
-957.763672, 76.171875, 92.773438
-1003.662109, 5.859375, 245.117188
-964.111328, -13.916016, 368.652344
-1096.923828, -34.912109, 707.031250
-1111.572266, -177.978516, 795.898438
-933.837891, -16.845703, 504.882812
-983.154297, -18.798828, 127.441406
-1026.611328, 59.082031, -310.791016
-1023.681641, 271.484375, -677.978516
-1092.529297, 313.476562, -783.447266
-1063.720703, 176.269531, -612.060547
-1094.482422, 85.449219, -516.357422
-,-,-
-970.947266, 80.078125, 136.718750
-978.759766, -18.310547, 194.335938
-1050.537109, 29.785156, 257.324219
-973.388672, -7.568359, 396.484375
-977.783203, -55.908203, 545.898438
-1025.146484, -24.169922, 527.343750
-999.267578, -18.798828, 388.183594
-1130.126953, -17.333984, 264.160156
-1022.216797, -28.564453, 60.546875
-1024.658203, 106.933594, -375.732422
-1026.611328, 260.742188, -790.283203
-1031.005859, 171.386719, -737.060547
-,-,-
-1064.208984, 82.031250, 128.417969
-932.373047, -29.541016, 138.671875
-992.431641, 26.855469, 364.746094
-1038.818359, 44.433594, 545.410156
-929.931641, -24.169922, 490.234375
-989.990234, -18.798828, 378.906250
-1038.818359, -133.056641, 280.761719
-1056.884766, -107.177734, 205.566406
-1079.345703, 65.429688, -81.787109
-1167.724609, 64.941406, -358.642578
-1153.564453, 395.996094, -582.763672
-1027.587891, 303.710938, -594.482422
-,-,-
-960.205078, 12.695312, 68.359375
-1065.673828, -15.380859, 106.445312
-954.345703, 10.742188, 163.574219
-1017.822266, -24.658203, 346.679688
-1010.986328, 1.953125, 401.367188
-997.802734, -7.568359, 358.398438
-1023.193359, 25.390625, 265.625000
-1011.962891, -14.892578, 180.175781
-1072.021484, -51.513672, 102.050781
-1047.607422, -2.685547, -99.853516
-1103.759766, 41.015625, -334.228516
-1051.025391, 209.472656, -558.349609
-,-,-
-1051.025391, -27.099609, 95.703125
-992.431641, 44.433594, 35.156250
-1034.423828, 62.500000, 11.718750
-1050.537109, 32.714844, 121.582031
-994.873047, 9.765625, 329.589844
-1010.009766, -26.123047, 419.921875
-1041.259766, -22.216797, 418.945312
-1048.095703, -19.287109, 331.542969
-1032.470703, -5.615234, 188.964844
-995.849609, 45.410156, -55.908203
-1094.482422, 66.894531, -462.158203
-1045.166016, 77.148438, -586.669922
-908.447266, 88.378906, -781.494141
-,-,-
-1026.611328, -0.732422, 112.304688
-937.744141, 82.031250, 131.835938
-1013.427734, 33.203125, 189.453125
-1075.439453, -0.244141, 328.125000
-1051.513672, -87.158203, 367.675781
-1005.615234, -32.470703, 326.171875
-1023.681641, -54.931641, 231.933594
-1033.935547, -55.908203, 178.222656
-1112.548828, -48.583984, -12.451172
-1117.431641, -20.263672, -223.388672
-1071.044922, 86.425781, -368.408203
-1072.998047, 4.882812, -552.001953
-956.787109, 174.316406, -646.240234
-,-,-
-1010.986328, 22.460938, 41.015625
-931.396484, 167.968750, 108.398438
-930.908203, 166.015625, 141.601562
-1017.822266, 2.441406, 395.507812
-1139.404297, -180.419922, 501.953125
-1209.228516, -166.748047, 374.023438
-1122.802734, -190.673828, 240.234375
-1012.451172, -150.634766, 84.472656
-916.748047, 56.152344, -126.708984
-1009.033203, 169.921875, -388.916016
-983.154297, 147.949219, -557.373047
-1028.076172, 122.558594, -632.568359
-945.556641, 114.746094, -668.701172
-,-,-
-1074.462891, 16.113281, 113.281250
-977.783203, 67.382812, 124.511719
-998.779297, 91.308594, 127.441406
-949.951172, 20.507812, 204.101562
-1031.005859, -49.560547, 309.082031
-1118.896484, -24.169922, 359.863281
-1077.392578, -6.591797, 236.328125
-1062.255859, 79.101562, 232.910156
-1058.837891, 8.789062, 80.566406
-994.873047, 72.753906, -54.443359
-1012.451172, 131.347656, -240.966797
-982.177734, 300.292969, -481.201172
-1068.115234, 240.234375, -538.818359
-,-,-
-1013.427734, 38.085938, -7.568359
-936.279297, 160.644531, -29.052734
-992.431641, 92.773438, 52.734375
-1060.302734, 66.406250, 100.585938
-1067.138672, 23.437500, 137.695312
-1073.486328, -17.333984, 93.750000
-1123.779297, 68.847656, 107.910156
-1138.916016, 80.078125, 36.132812
-1040.771484, 30.761719, -14.404297
-1035.888672, 77.636719, -64.208984
-939.697266, 78.125000, -146.240234
-971.923828, 159.667969, -325.927734
-1024.169922, 250.488281, -712.646484
-,-,-
-1096.923828, 59.570312, 113.281250
-984.619141, 115.234375, 129.394531
-973.876953, 80.078125, 191.406250
-995.849609, 74.707031, 247.070312
-1033.447266, -0.244141, 340.820312
-1056.884766, -28.564453, 316.894531
-1026.611328, 59.082031, 214.843750
-1011.474609, 47.363281, 29.785156
-1021.240234, 26.367188, -74.462891
-1118.408203, 122.070312, -261.962891
-1076.904297, 101.074219, -355.224609
-1089.111328, 262.695312, -320.068359
-1131.103516, 235.839844, -570.556641
-,-,-
-1024.658203, 67.382812, 118.164062
-1054.443359, 43.457031, 175.781250
-1003.662109, 58.105469, 96.679688
-947.998047, 124.023438, 36.132812
-938.720703, 93.750000, 53.222656
-986.083984, 62.011719, 58.593750
-1035.400391, 163.085938, 69.335938
-1036.865234, 67.382812, -63.232422
-1080.322266, 165.527344, -87.646484
-1089.111328, 116.210938, -162.841797
-1042.236328, 147.949219, -160.400391
-1089.599609, 178.710938, -366.455078
-1054.931641, 255.859375, -423.583984
-,-,-
-1165.771484, 58.105469, 19.531250
-951.904297, 141.601562, 22.949219
-993.408203, 102.050781, 79.101562
-1003.662109, 98.632812, 151.367188
-1110.107422, -10.498047, 247.070312
-1074.462891, 19.531250, 251.464844
-1071.044922, 5.859375, 229.492188
-1054.443359, -40.283203, 191.406250
-1065.673828, 26.855469, 47.363281
-989.013672, 71.777344, -64.208984
-1071.044922, 63.476562, -216.064453
-1003.173828, -8.544922, -352.294922
-1080.322266, 325.683594, -530.029297
-946.044922, 320.800781, -656.005859
-,-,-
-1064.697266, 67.871094, 124.511719
-961.669922, 99.609375, 109.375000
-1104.736328, -3.173828, 136.718750
-997.802734, 24.414062, 121.093750
-981.201172, 62.500000, 151.855469
-1042.724609, 52.734375, 145.996094
-1115.478516, 58.105469, 107.910156
-1172.607422, 48.339844, 105.468750
-1148.681641, 88.378906, 92.773438
-996.337891, 47.363281, 30.761719
-971.923828, -16.845703, -378.662109
-1086.181641, -12.939453, -630.126953
-891.845703, 208.984375, -719.482422
-,-,-
-1023.193359, 62.500000, -623.291016
-,-,-
-1018.798828, 55.664062, 51.269531
-946.533203, 100.585938, 60.546875
-1026.123047, 36.132812, 153.808594
-1049.072266, -19.287109, 199.218750
-1104.736328, 6.835938, 242.187500
-1062.255859, -3.662109, 193.359375
-1060.791016, 57.128906, 161.132812
-1108.154297, -75.439453, 69.335938
-1102.783203, -67.138672, -27.587891
-1030.029297, 14.160156, -62.744141
-963.134766, 103.027344, -200.439453
-946.533203, 68.359375, -268.798828
-932.373047, 62.988281, -438.720703
-1004.638672, 91.308594, -593.505859
-,-,-
-987.548828, 92.773438, 142.578125
-983.154297, 145.996094, 112.304688
-1022.705078, 72.753906, 158.691406
-998.779297, 57.617188, 150.390625
-1040.283203, 30.761719, 228.027344
-1089.111328, -10.498047, 214.355469
-1137.939453, 71.777344, 202.148438
-1141.357422, 11.718750, 150.390625
-1116.943359, 2.929688, 9.765625
-1053.466797, 15.625000, -92.529297
-1011.962891, 61.523438, -305.908203
-912.353516, 145.019531, -486.572266
-907.470703, 163.574219, -722.412109
-,-,-
-1057.861328, 146.972656, 136.718750
-876.708984, 88.378906, 98.632812
-1039.794922, 109.375000, 129.394531
-1005.615234, 95.703125, 190.429688
-1052.978516, 53.710938, 288.085938
-1061.279297, 4.882812, 290.039062
-1097.900391, 80.078125, 261.230469
-1074.462891, 38.085938, 236.328125
-1002.685547, 23.437500, 141.601562
-1010.986328, 52.246094, -40.771484
-1030.029297, 46.386719, -228.759766
-980.712891, 95.214844, -401.123047
-984.619141, 224.609375, -599.365234
-1077.880859, 177.734375, -605.224609
-,-,-
-996.826172, 45.898438, 209.960938
-964.111328, 114.746094, 200.195312
-953.369141, 166.015625, 154.785156
-1005.615234, 148.925781, 193.359375
-1001.220703, 56.152344, 208.496094
-1010.009766, 45.898438, 229.980469
-1041.259766, 86.914062, 180.175781
-1039.306641, 99.609375, 71.289062
-1110.107422, 57.617188, -18.310547
-1116.943359, 75.195312, -170.654297
-1060.302734, 150.390625, -269.287109
-1052.978516, 176.269531, -420.654297
-1044.677734, 215.820312, -467.041016
-,-,-
-1019.775391, 122.558594, 127.441406
-969.970703, 75.195312, 190.429688
-989.990234, 101.074219, 358.398438
-1192.626953, -59.814453, 522.460938
-1009.033203, 12.207031, 464.843750
-964.599609, -1.708984, 417.480469
-954.345703, -18.310547, 320.312500
-1016.357422, 21.484375, 152.832031
-1058.837891, 94.726562, -62.744141
-1150.146484, 52.734375, -298.583984
-1046.630859, 268.554688, -558.349609
-1069.091797, 295.410156, -726.806641
-1024.658203, 72.265625, -622.314453
-,-,-
-1031.005859, 6.835938, 140.625000
-1044.677734, 53.710938, 160.156250
-999.267578, 130.859375, 134.765625
-988.525391, 42.480469, 214.843750
-910.888672, 94.726562, 361.328125
-923.095703, 8.789062, 388.183594
-1004.638672, -4.638672, 346.191406
-1084.716797, -34.912109, 287.597656
-1155.517578, -3.173828, 116.210938
-1160.888672, 62.988281, -168.701172
-1150.146484, 43.945312, -381.591797
-1023.193359, 178.222656, -413.330078
-1088.134766, 206.542969, -629.150391
-,-,-
-935.302734, 100.585938, 133.789062
-1033.447266, 81.054688, 143.554688
-1067.138672, 34.667969, 219.726562
-1148.193359, 8.789062, 318.359375
-1110.595703, -40.283203, 380.859375
-1045.654297, -57.861328, 392.089844
-1043.701172, -54.931641, 296.875000
-994.384766, -47.119141, 119.628906
-1055.908203, -8.544922, -88.134766
-1080.322266, 3.906250, -374.755859
-1075.927734, 129.882812, -666.748047
-933.349609, 266.601562, -786.376953
-960.693359, 113.281250, -586.669922
-,-,-
-936.279297, 15.136719, 169.921875
-943.603516, 85.937500, 119.140625
-1063.232422, 22.460938, 206.542969
-1101.318359, 2.929688, 242.187500
-1047.119141, -4.638672, 249.023438
-1051.025391, 13.671875, 217.773438
-992.431641, 39.550781, 159.667969
-1027.587891, 132.324219, 67.382812
-1073.486328, 22.460938, -67.138672
-1110.107422, 22.460938, -183.837891
-1093.505859, 116.699219, -399.169922
-974.853516, 342.285156, -546.142578
-974.365234, 127.929688, -566.162109
-,-,-
-1040.283203, 63.476562, 194.335938
-926.513672, 76.660156, 180.175781
-1016.845703, 103.027344, 189.453125
-1042.236328, 58.593750, 291.503906
-1072.021484, -30.029297, 408.203125
-1095.947266, -63.232422, 378.417969
-1025.634766, -43.212891, 254.882812
-1029.052734, 24.414062, -3.173828
-1165.771484, 66.894531, -183.837891
-1111.083984, 103.027344, -312.744141
-1015.869141, 114.746094, -510.498047
-944.091797, 225.097656, -761.474609
-971.435547, 137.695312, -678.466797
-,-,-
-1067.626953, 92.773438, 125.488281
-1093.505859, 49.804688, 206.542969
-1030.029297, 83.007812, 223.632812
-1049.072266, 29.785156, 277.343750
-1105.224609, 43.457031, 346.679688
-1060.791016, -32.958984, 385.253906
-1008.544922, -55.419922, 337.402344
-941.162109, -61.279297, 165.039062
-998.779297, 17.089844, -14.404297
-1081.298828, 56.640625, -218.994141
-1052.490234, 161.621094, -410.400391
-1068.115234, 211.914062, -642.333984
-1049.560547, 219.726562, -731.689453
-1040.283203, 94.726562, -694.091797
-,-,-
-907.470703, 136.718750, -24.658203
-1075.927734, 96.679688, 97.656250
-1027.099609, 125.000000, 248.046875
-1063.232422, 1.464844, 480.468750
-1087.158203, -58.837891, 499.511719
-1117.919922, 28.808594, 421.386719
-1036.865234, 4.882812, 208.496094
-992.919922, 135.742188, -104.736328
-1014.404297, 252.929688, -479.248047
-926.513672, 185.546875, -602.294922
-941.162109, 127.929688, -674.072266
-925.537109, 132.324219, -632.568359
-,-,-
-1058.837891, 97.656250, -14.404297
-985.595703, 43.457031, 19.531250
-1029.052734, 198.242188, 117.187500
-1012.939453, 98.632812, 205.078125
-1023.681641, 112.304688, 354.492188
-1030.029297, 81.054688, 386.230469
-956.787109, 54.687500, 386.230469
-997.802734, 82.031250, 214.843750
-1033.447266, 130.371094, 41.992188
-1071.044922, 35.644531, -397.216797
-1165.283203, 125.000000, -639.404297
-1093.505859, 241.210938, -862.548828
-1004.638672, 109.375000, -858.642578
-,-,-
-1101.318359, 48.828125, 165.039062
-1139.404297, 123.046875, 323.242188
-980.224609, 36.132812, 372.070312
-935.302734, -8.544922, 526.367188
-965.576172, 55.664062, 356.445312
-1079.833984, 102.050781, 233.886719
-1041.259766, 27.832031, -83.251953
-1031.494141, 179.687500, -392.822266
-1024.658203, 341.796875, -803.955078
-,-,-
-1075.439453, 49.804688, 274.414062
-952.392578, 70.312500, 286.621094
-960.693359, 132.812500, 277.343750
-1032.470703, 90.820312, 253.906250
-1093.505859, 62.011719, 173.339844
-1058.349609, 92.285156, 108.398438
-1043.701172, 93.750000, 58.593750
-1062.255859, 138.671875, -111.572266
-1171.142578, 132.324219, -241.943359
-1083.740234, 165.527344, -387.451172
-947.998047, 196.289062, -515.869141
-912.841797, 267.578125, -462.646484
-,-,-
-1093.505859, 125.000000, 116.210938
-994.384766, 149.414062, 167.968750
-1001.708984, 97.656250, 288.085938
-1052.490234, 83.984375, 470.214844
-1088.134766, -31.494141, 548.828125
-964.599609, 99.609375, 478.515625
-929.931641, 130.371094, 266.113281
-945.068359, 162.597656, 5.859375
-1069.580078, 238.769531, -218.994141
-968.017578, 154.296875, -438.720703
-1046.630859, 352.050781, -492.431641
-1095.458984, 144.531250, -811.279297
-,-,-
-1005.615234, 167.968750, 132.812500
-1101.318359, 181.640625, 445.312500
-1171.630859, -57.373047, 490.234375
-984.619141, -35.400391, 414.550781
-873.291016, 117.187500, 208.496094
-950.927734, 170.898438, 42.968750
-1079.345703, 170.898438, 13.671875
-1151.123047, 131.835938, -84.228516
-1080.322266, 218.750000, -302.490234
-1064.697266, 278.808594, -486.572266
-,-,-
-1002.685547, 132.324219, 249.023438
-997.802734, 73.730469, 337.402344
-1097.412109, 117.675781, 471.191406
-1049.072266, -92.529297, 559.570312
-998.779297, 4.882812, 499.511719
-935.791016, 64.453125, 310.058594
-1002.197266, 134.277344, 167.968750
-1033.935547, 146.972656, -178.955078
-1071.044922, 202.148438, -385.009766
-982.177734, 438.964844, -667.724609
